 created by the TBmodels package    Sat, 26 Jul 2025 02:58:06 JST
           4
          55
    1    1    1    1    1    1    1    1    1    1    1    1    1    1    1
    1    1    1    1    1    1    1    1    1    1    1    1    1    1    1
    1    1    1    1    1    1    1    1    1    1    1    1    1    1    1
    1    1    1    1    1    1    1    1    1    1
   -2    0    0    1    1     -0.00000000000000     -0.00000000000000
   -2    0    0    2    1      0.00000079189230     -0.00000000000000
   -2    0    0    3    1      0.00000000000000     -0.00000000000000
   -2    0    0    4    1      0.00000079189230     -0.00000000000000
   -2    0    0    1    2     -0.00000079227030      0.00000000000000
   -2    0    0    2    2     -0.01320548099289     -0.00000000000000
   -2    0    0    3    2     -0.00000000000005     -0.00000000000000
   -2    0    0    4    2      0.01320548099289      0.00000000000000
   -2    0    0    1    3      0.00000000000000     -0.00000000000000
   -2    0    0    2    3     -0.00000000000005      0.00000000000000
   -2    0    0    3    3     -0.02641096198578      0.00000000000000
   -2    0    0    4    3      0.00000000000005      0.00000000000000
   -2    0    0    1    4     -0.00000079227030      0.00000000000000
   -2    0    0    2    4      0.01320548099289     -0.00000000000000
   -2    0    0    3    4      0.00000000000005     -0.00000000000000
   -2    0    0    4    4     -0.01320548099289     -0.00000000000000
   -2    0    1    1    1     -0.00000000000067     -0.00000000000000
   -2    0    1    2    1      0.00011620514129      0.00000000000000
   -2    0    1    3    1     -0.00005810257065      0.00000000000000
   -2    0    1    4    1      0.00005810257065      0.00000000000000
   -2    0    1    1    2     -0.00011624209181     -0.00000000000000
   -2    0    1    2    2     -0.01841787898414     -0.00000000000000
   -2    0    1    3    2     -0.01841787898781     -0.00000000000000
   -2    0    1    4    2      0.01841787898781     -0.00000000000000
   -2    0    1    1    3      0.00005812104590      0.00000000000000
   -2    0    1    2    3     -0.01841787898781      0.00000000000000
   -2    0    1    3    3     -0.04604469731461     -0.00000000000000
   -2    0    1    4    3     -0.00920893934266     -0.00000000000000
   -2    0    1    1    4     -0.00005812104590      0.00000000000000
   -2    0    1    2    4      0.01841787898781      0.00000000000000
   -2    0    1    3    4     -0.00920893934266      0.00000000000000
   -2    0    1    4    4     -0.04604469731461     -0.00000000000000
   -2    0    2    1    1     -0.00000000000000     -0.00000000000000
   -2    0    2    2    1      0.00000079189230     -0.00000000000000
   -2    0    2    3    1     -0.00000079189230      0.00000000000000
   -2    0    2    4    1      0.00000000000000     -0.00000000000000
   -2    0    2    1    2     -0.00000079227030      0.00000000000000
   -2    0    2    2    2     -0.01320548099289     -0.00000000000000
   -2    0    2    3    2     -0.01320548099289      0.00000000000000
   -2    0    2    4    2      0.00000000000005     -0.00000000000000
   -2    0    2    1    3      0.00000079227030     -0.00000000000000
   -2    0    2    2    3     -0.01320548099289     -0.00000000000000
   -2    0    2    3    3     -0.01320548099289      0.00000000000000
   -2    0    2    4    3      0.00000000000005      0.00000000000000
   -2    0    2    1    4      0.00000000000000     -0.00000000000000
   -2    0    2    2    4      0.00000000000005      0.00000000000000
   -2    0    2    3    4      0.00000000000005     -0.00000000000000
   -2    0    2    4    4     -0.02641096198578     -0.00000000000000
   -2    1    0    1    1     -0.00000000000067     -0.00000000000000
   -2    1    0    2    1      0.00005810257065     -0.00000000000000
   -2    1    0    3    1     -0.00005810257065     -0.00000000000000
   -2    1    0    4    1      0.00011620514129      0.00000000000000
   -2    1    0    1    2     -0.00005812104590      0.00000000000000
   -2    1    0    2    2     -0.04604469744065     -0.00000000000000
   -2    1    0    3    2     -0.00920893956296     -0.00000000000000
   -2    1    0    4    2      0.01841787894068      0.00000000000000
   -2    1    0    1    3      0.00005812104590     -0.00000000000000
   -2    1    0    2    3     -0.00920893956296      0.00000000000000
   -2    1    0    3    3     -0.04604469727669     -0.00000000000000
   -2    1    0    4    3     -0.01841787885870     -0.00000000000000
   -2    1    0    1    4     -0.00011624209181      0.00000000000000
   -2    1    0    2    4      0.01841787894068     -0.00000000000000
   -2    1    0    3    4     -0.01841787885870      0.00000000000000
   -2    1    0    4    4     -0.01841787889602     -0.00000000000000
   -2    1    1    1    1     -0.00000000000067     -0.00000000000000
   -2    1    1    2    1      0.00005810257065      0.00000000000000
   -2    1    1    3    1     -0.00011620514129      0.00000000000000
   -2    1    1    4    1      0.00005810257065      0.00000000000000
   -2    1    1    1    2     -0.00005812104590     -0.00000000000000
   -2    1    1    2    2     -0.04604469744065     -0.00000000000000
   -2    1    1    3    2     -0.01841787894068      0.00000000000000
   -2    1    1    4    2      0.00920893956296      0.00000000000000
   -2    1    1    1    3      0.00011624209181      0.00000000000000
   -2    1    1    2    3     -0.01841787894068     -0.00000000000000
   -2    1    1    3    3     -0.01841787889602      0.00000000000000
   -2    1    1    4    3     -0.01841787885870      0.00000000000000
   -2    1    1    1    4     -0.00005812104590      0.00000000000000
   -2    1    1    2    4      0.00920893956296     -0.00000000000000
   -2    1    1    3    4     -0.01841787885870     -0.00000000000000
   -2    1    1    4    4     -0.04604469727669      0.00000000000000
   -2    2    0    1    1     -0.00000000000000     -0.00000000000000
   -2    2    0    2    1      0.00000000000000     -0.00000000000000
   -2    2    0    3    1     -0.00000079189230     -0.00000000000000
   -2    2    0    4    1      0.00000079189230     -0.00000000000000
   -2    2    0    1    2     -0.00000000000000      0.00000000000000
   -2    2    0    2    2     -0.02641096198586     -0.00000000000000
   -2    2    0    3    2     -0.00000000000000     -0.00000000000000
   -2    2    0    4    2      0.00000000000000     -0.00000000000000
   -2    2    0    1    3      0.00000079227030      0.00000000000000
   -2    2    0    2    3     -0.00000000000000      0.00000000000000
   -2    2    0    3    3     -0.01320548099285     -0.00000000000000
   -2    2    0    4    3     -0.01320548099285     -0.00000000000000
   -2    2    0    1    4     -0.00000079227030     -0.00000000000000
   -2    2    0    2    4      0.00000000000000      0.00000000000000
   -2    2    0    3    4     -0.01320548099285      0.00000000000000
   -2    2    0    4    4     -0.01320548099285     -0.00000000000000
   -1   -1    0    1    1     -0.00000000000067     -0.00000000000000
   -1   -1    0    2    1      0.00011620514129      0.00000000000000
   -1   -1    0    3    1      0.00005810257065      0.00000000000000
   -1   -1    0    4    1      0.00005810257065     -0.00000000000000
   -1   -1    0    1    2     -0.00011624209181      0.00000000000000
   -1   -1    0    2    2     -0.01841787888331      0.00000000000000
   -1   -1    0    3    2      0.01841787888698     -0.00000000000000
   -1   -1    0    4    2      0.01841787888698      0.00000000000000
   -1   -1    0    1    3     -0.00005812104590      0.00000000000000
   -1   -1    0    2    3      0.01841787888698      0.00000000000000
   -1   -1    0    3    3     -0.04604469736502      0.00000000000000
   -1   -1    0    4    3      0.00920893959473     -0.00000000000000
   -1   -1    0    1    4     -0.00005812104590     -0.00000000000000
   -1   -1    0    2    4      0.01841787888698     -0.00000000000000
   -1   -1    0    3    4      0.00920893959473      0.00000000000000
   -1   -1    0    4    4     -0.04604469736502     -0.00000000000000
   -1   -1    1    1    1     -0.00000081020053     -0.00000000000000
   -1   -1    1    2    1      0.01808676203451     -0.00000000000000
   -1   -1    1    3    1      0.00000000000058     -0.00000000000000
   -1   -1    1    4    1      0.00000000000058      0.00000000000000
   -1   -1    1    1    2     -0.01808963143938     -0.00000000000000
   -1   -1    1    2    2      0.00000388055987     -0.00000000000000
   -1   -1    1    3    2      0.00000000000035     -0.00000000000000
   -1   -1    1    4    2      0.00000000000035      0.00000000000000
   -1   -1    1    1    3      0.00000000000036      0.00000000000000
   -1   -1    1    2    3      0.00000000000035      0.00000000000000
   -1   -1    1    3    3     -0.11559459220797     -0.00000000000000
   -1   -1    1    4    3      0.00000030953008     -0.00000000000000
   -1   -1    1    1    4      0.00000000000036     -0.00000000000000
   -1   -1    1    2    4      0.00000000000035     -0.00000000000000
   -1   -1    1    3    4      0.00000030953008      0.00000000000000
   -1   -1    1    4    4     -0.11559459220797      0.00000000000000
   -1   -1    2    1    1     -0.00000000000067     -0.00000000000000
   -1   -1    2    2    1      0.00011620514129     -0.00000000000000
   -1   -1    2    3    1     -0.00005810257065     -0.00000000000000
   -1   -1    2    4    1     -0.00005810257065      0.00000000000000
   -1   -1    2    1    2     -0.00011624209181     -0.00000000000000
   -1   -1    2    2    2     -0.01841787888331      0.00000000000000
   -1   -1    2    3    2     -0.01841787888698      0.00000000000000
   -1   -1    2    4    2     -0.01841787888698     -0.00000000000000
   -1   -1    2    1    3      0.00005812104590     -0.00000000000000
   -1   -1    2    2    3     -0.01841787888698     -0.00000000000000
   -1   -1    2    3    3     -0.04604469736502     -0.00000000000000
   -1   -1    2    4    3      0.00920893959473     -0.00000000000000
   -1   -1    2    1    4      0.00005812104590      0.00000000000000
   -1   -1    2    2    4     -0.01841787888698      0.00000000000000
   -1   -1    2    3    4      0.00920893959473      0.00000000000000
   -1   -1    2    4    4     -0.04604469736502     -0.00000000000000
   -1    0   -1    1    1     -0.00000000000067     -0.00000000000000
   -1    0   -1    2    1      0.00005810257065     -0.00000000000000
   -1    0   -1    3    1      0.00005810257065      0.00000000000000
   -1    0   -1    4    1      0.00011620514129     -0.00000000000000
   -1    0   -1    1    2     -0.00005812104590      0.00000000000000
   -1    0   -1    2    2     -0.04604469723899      0.00000000000000
   -1    0   -1    3    2      0.00920893937444      0.00000000000000
   -1    0   -1    4    2      0.01841787893411     -0.00000000000000
   -1    0   -1    1    3     -0.00005812104590      0.00000000000000
   -1    0   -1    2    3      0.00920893937444     -0.00000000000000
   -1    0   -1    3    3     -0.04604469740294      0.00000000000000
   -1    0   -1    4    3      0.01841787901609      0.00000000000000
   -1    0   -1    1    4     -0.00011624209181     -0.00000000000000
   -1    0   -1    2    4      0.01841787893411      0.00000000000000
   -1    0   -1    3    4      0.01841787901609     -0.00000000000000
   -1    0   -1    4    4     -0.01841787897143     -0.00000000000000
   -1    0    0    1    1     -0.97444274317316     -0.00000000000000
   -1    0    0    2    1      1.62530800903919     -0.00000000000000
   -1    0    0    3    1      0.00000001821061     -0.00000000000000
   -1    0    0    4    1      1.62530803479288     -0.00000000000000
   -1    0    0    1    2     -1.62530696069387      0.00000000000000
   -1    0    0    2    2      1.93275151260684      0.00000000000000
   -1    0    0    3    2     -0.00044792164518     -0.00000000000000
   -1    0    0    4    2      2.17458374536729      0.00000000000000
   -1    0    0    1    3      0.00000001121814     -0.00000000000000
   -1    0    0    2    3     -0.00044792164518      0.00000000000000
   -1    0    0    3    3     -0.24183222172390     -0.00000000000000
   -1    0    0    4    3      0.00044793725321      0.00000000000000
   -1    0    0    1    4     -1.62530694482902      0.00000000000000
   -1    0    0    2    4      2.17458374536729     -0.00000000000000
   -1    0    0    3    4      0.00044793725321     -0.00000000000000
   -1    0    0    4    4      1.93275153467994     -0.00000000000000
   -1    0    1    1    1     -0.97444274317316     -0.00000000000000
   -1    0    1    2    1      1.62530803479288     -0.00000000000000
   -1    0    1    3    1     -1.62530800903919      0.00000000000000
   -1    0    1    4    1      0.00000001821061     -0.00000000000000
   -1    0    1    1    2     -1.62530694482902      0.00000000000000
   -1    0    1    2    2      1.93275153467994     -0.00000000000000
   -1    0    1    3    2     -2.17458374536729      0.00000000000000
   -1    0    1    4    2      0.00044793725321     -0.00000000000000
   -1    0    1    1    3      1.62530696069387     -0.00000000000000
   -1    0    1    2    3     -2.17458374536729     -0.00000000000000
   -1    0    1    3    3      1.93275151260684     -0.00000000000000
   -1    0    1    4    3      0.00044792164518      0.00000000000000
   -1    0    1    1    4      0.00000001121814     -0.00000000000000
   -1    0    1    2    4      0.00044793725321      0.00000000000000
   -1    0    1    3    4      0.00044792164518     -0.00000000000000
   -1    0    1    4    4     -0.24183222172390     -0.00000000000000
   -1    0    2    1    1     -0.00000000000067     -0.00000000000000
   -1    0    2    2    1      0.00005810257065     -0.00000000000000
   -1    0    2    3    1     -0.00011620514129     -0.00000000000000
   -1    0    2    4    1     -0.00005810257065      0.00000000000000
   -1    0    2    1    2     -0.00005812104590      0.00000000000000
   -1    0    2    2    2     -0.04604469723898      0.00000000000000
   -1    0    2    3    2     -0.01841787893411     -0.00000000000000
   -1    0    2    4    2     -0.00920893937444      0.00000000000000
   -1    0    2    1    3      0.00011624209181     -0.00000000000000
   -1    0    2    2    3     -0.01841787893411      0.00000000000000
   -1    0    2    3    3     -0.01841787897143     -0.00000000000000
   -1    0    2    4    3      0.01841787901609      0.00000000000000
   -1    0    2    1    4      0.00005812104590      0.00000000000000
   -1    0    2    2    4     -0.00920893937444     -0.00000000000000
   -1    0    2    3    4      0.01841787901609     -0.00000000000000
   -1    0    2    4    4     -0.04604469740294     -0.00000000000000
   -1    1   -1    1    1     -0.00000081020053     -0.00000000000000
   -1    1   -1    2    1     -0.00000000000058      0.00000000000000
   -1    1   -1    3    1      0.00000000000058      0.00000000000000
   -1    1   -1    4    1      0.01808676203451      0.00000000000000
   -1    1   -1    1    2     -0.00000000000036     -0.00000000000000
   -1    1   -1    2    2     -0.11559459220797     -0.00000000000000
   -1    1   -1    3    2     -0.00000030953008      0.00000000000000
   -1    1   -1    4    2     -0.00000000000035     -0.00000000000000
   -1    1   -1    1    3      0.00000000000036      0.00000000000000
   -1    1   -1    2    3     -0.00000030953008     -0.00000000000000
   -1    1   -1    3    3     -0.11559459220797     -0.00000000000000
   -1    1   -1    4    3      0.00000000000035     -0.00000000000000
   -1    1   -1    1    4     -0.01808963143938     -0.00000000000000
   -1    1   -1    2    4     -0.00000000000035      0.00000000000000
   -1    1   -1    3    4      0.00000000000035      0.00000000000000
   -1    1   -1    4    4      0.00000388055987     -0.00000000000000
   -1    1    0    1    1     -0.97444274317316     -0.00000000000000
   -1    1    0    2    1      0.00000000000000     -0.00000000000000
   -1    1    0    3    1     -1.62530800370543     -0.00000000000000
   -1    1    0    4    1      1.62530804012665     -0.00000000000000
   -1    1    0    1    2     -0.00000000000000      0.00000000000000
   -1    1    0    2    2     -0.24246568962593     -0.00000000000000
   -1    1    0    3    2     -0.00000000000000     -0.00000000000000
   -1    1    0    4    2      0.00000000000000     -0.00000000000000
   -1    1    0    1    3      1.62530696397958      0.00000000000000
   -1    1    0    2    3     -0.00000000000000      0.00000000000000
   -1    1    0    3    3      1.93306824198637     -0.00000000000000
   -1    1    0    4    3     -2.17426701141626      0.00000000000000
   -1    1    0    1    4     -1.62530694154330     -0.00000000000000
   -1    1    0    2    4      0.00000000000000      0.00000000000000
   -1    1    0    3    4     -2.17426701141626     -0.00000000000000
   -1    1    0    4    4      1.93306827320244     -0.00000000000000
   -1    1    1    1    1     -0.00000081020053     -0.00000000000000
   -1    1    1    2    1      0.00000000000058      0.00000000000000
   -1    1    1    3    1     -0.01808676203451     -0.00000000000000
   -1    1    1    4    1      0.00000000000058      0.00000000000000
   -1    1    1    1    2      0.00000000000036     -0.00000000000000
   -1    1    1    2    2     -0.11559459220797      0.00000000000000
   -1    1    1    3    2     -0.00000000000035     -0.00000000000000
   -1    1    1    4    2      0.00000030953008      0.00000000000000
   -1    1    1    1    3      0.01808963143938      0.00000000000000
   -1    1    1    2    3     -0.00000000000035      0.00000000000000
   -1    1    1    3    3      0.00000388055987     -0.00000000000000
   -1    1    1    4    3     -0.00000000000035     -0.00000000000000
   -1    1    1    1    4      0.00000000000036      0.00000000000000
   -1    1    1    2    4      0.00000030953008     -0.00000000000000
   -1    1    1    3    4     -0.00000000000035      0.00000000000000
   -1    1    1    4    4     -0.11559459220797     -0.00000000000000
   -1    2   -1    1    1     -0.00000000000067     -0.00000000000000
   -1    2   -1    2    1     -0.00005810257065     -0.00000000000000
   -1    2   -1    3    1     -0.00005810257065     -0.00000000000000
   -1    2   -1    4    1      0.00011620514129     -0.00000000000000
   -1    2   -1    1    2      0.00005812104590      0.00000000000000
   -1    2   -1    2    2     -0.04604469744065      0.00000000000000
   -1    2   -1    3    2      0.00920893941477     -0.00000000000000
   -1    2   -1    4    2     -0.01841787901477     -0.00000000000000
   -1    2   -1    1    3      0.00005812104590     -0.00000000000000
   -1    2   -1    2    3      0.00920893941477      0.00000000000000
   -1    2   -1    3    3     -0.04604469721741     -0.00000000000000
   -1    2   -1    4    3     -0.01841787890316     -0.00000000000000
   -1    2   -1    1    4     -0.00011624209181     -0.00000000000000
   -1    2   -1    2    4     -0.01841787901477      0.00000000000000
   -1    2   -1    3    4     -0.01841787890316      0.00000000000000
   -1    2   -1    4    4     -0.01841787895530      0.00000000000000
   -1    2    0    1    1     -0.00000000000067     -0.00000000000000
   -1    2    0    2    1     -0.00005810257065     -0.00000000000000
   -1    2    0    3    1     -0.00011620514129     -0.00000000000000
   -1    2    0    4    1      0.00005810257065     -0.00000000000000
   -1    2    0    1    2      0.00005812104590      0.00000000000000
   -1    2    0    2    2     -0.04604469744065      0.00000000000000
   -1    2    0    3    2      0.01841787901477      0.00000000000000
   -1    2    0    4    2     -0.00920893941477     -0.00000000000000
   -1    2    0    1    3      0.00011624209181     -0.00000000000000
   -1    2    0    2    3      0.01841787901477     -0.00000000000000
   -1    2    0    3    3     -0.01841787895530     -0.00000000000000
   -1    2    0    4    3     -0.01841787890316     -0.00000000000000
   -1    2    0    1    4     -0.00005812104590     -0.00000000000000
   -1    2    0    2    4     -0.00920893941477      0.00000000000000
   -1    2    0    3    4     -0.01841787890316      0.00000000000000
   -1    2    0    4    4     -0.04604469721741     -0.00000000000000
    0   -2    0    1    1     -0.00000000000000     -0.00000000000000
    0   -2    0    2    1      0.00000079189230      0.00000000000000
    0   -2    0    3    1      0.00000079189230      0.00000000000000
    0   -2    0    4    1      0.00000000000000      0.00000000000000
    0   -2    0    1    2     -0.00000079227030     -0.00000000000000
    0   -2    0    2    2     -0.01320548099289     -0.00000000000000
    0   -2    0    3    2      0.01320548099289     -0.00000000000000
    0   -2    0    4    2     -0.00000000000005      0.00000000000000
    0   -2    0    1    3     -0.00000079227030     -0.00000000000000
    0   -2    0    2    3      0.01320548099289      0.00000000000000
    0   -2    0    3    3     -0.01320548099289     -0.00000000000000
    0   -2    0    4    3      0.00000000000005      0.00000000000000
    0   -2    0    1    4      0.00000000000000      0.00000000000000
    0   -2    0    2    4     -0.00000000000005     -0.00000000000000
    0   -2    0    3    4      0.00000000000005     -0.00000000000000
    0   -2    0    4    4     -0.02641096198578     -0.00000000000000
    0   -2    1    1    1     -0.00000000000067     -0.00000000000000
    0   -2    1    2    1      0.00011620514129     -0.00000000000000
    0   -2    1    3    1      0.00005810257065     -0.00000000000000
    0   -2    1    4    1     -0.00005810257065     -0.00000000000000
    0   -2    1    1    2     -0.00011624209181      0.00000000000000
    0   -2    1    2    2     -0.01841787898414     -0.00000000000000
    0   -2    1    3    2      0.01841787898781      0.00000000000000
    0   -2    1    4    2     -0.01841787898781      0.00000000000000
    0   -2    1    1    3     -0.00005812104590     -0.00000000000000
    0   -2    1    2    3      0.01841787898781     -0.00000000000000
    0   -2    1    3    3     -0.04604469731461     -0.00000000000000
    0   -2    1    4    3     -0.00920893934266     -0.00000000000000
    0   -2    1    1    4      0.00005812104590     -0.00000000000000
    0   -2    1    2    4     -0.01841787898781     -0.00000000000000
    0   -2    1    3    4     -0.00920893934266      0.00000000000000
    0   -2    1    4    4     -0.04604469731461     -0.00000000000000
    0   -2    2    1    1     -0.00000000000000     -0.00000000000000
    0   -2    2    2    1      0.00000079189230      0.00000000000000
    0   -2    2    3    1      0.00000000000000      0.00000000000000
    0   -2    2    4    1     -0.00000079189230     -0.00000000000000
    0   -2    2    1    2     -0.00000079227030     -0.00000000000000
    0   -2    2    2    2     -0.01320548099289      0.00000000000000
    0   -2    2    3    2      0.00000000000005      0.00000000000000
    0   -2    2    4    2     -0.01320548099289     -0.00000000000000
    0   -2    2    1    3      0.00000000000000      0.00000000000000
    0   -2    2    2    3      0.00000000000005     -0.00000000000000
    0   -2    2    3    3     -0.02641096198578     -0.00000000000000
    0   -2    2    4    3      0.00000000000005      0.00000000000000
    0   -2    2    1    4      0.00000079227030      0.00000000000000
    0   -2    2    2    4     -0.01320548099289      0.00000000000000
    0   -2    2    3    4      0.00000000000005     -0.00000000000000
    0   -2    2    4    4     -0.01320548099289     -0.00000000000000
    0   -1   -1    1    1     -0.00000000000067     -0.00000000000000
    0   -1   -1    2    1      0.00005810257065      0.00000000000000
    0   -1   -1    3    1      0.00011620514129      0.00000000000000
    0   -1   -1    4    1      0.00005810257065      0.00000000000000
    0   -1   -1    1    2     -0.00005812104590     -0.00000000000000
    0   -1   -1    2    2     -0.04604469723899     -0.00000000000000
    0   -1   -1    3    2      0.01841787893411      0.00000000000000
    0   -1   -1    4    2      0.00920893937444      0.00000000000000
    0   -1   -1    1    3     -0.00011624209181      0.00000000000000
    0   -1   -1    2    3      0.01841787893411     -0.00000000000000
    0   -1   -1    3    3     -0.01841787897143      0.00000000000000
    0   -1   -1    4    3      0.01841787901609     -0.00000000000000
    0   -1   -1    1    4     -0.00005812104590      0.00000000000000
    0   -1   -1    2    4      0.00920893937444     -0.00000000000000
    0   -1   -1    3    4      0.01841787901609      0.00000000000000
    0   -1   -1    4    4     -0.04604469740294      0.00000000000000
    0   -1    0    1    1     -0.97444274317316     -0.00000000000000
    0   -1    0    2    1      1.62530800903919      0.00000000000000
    0   -1    0    3    1      1.62530803479288      0.00000000000000
    0   -1    0    4    1      0.00000001821061      0.00000000000000
    0   -1    0    1    2     -1.62530696069387     -0.00000000000000
    0   -1    0    2    2      1.93275151260684     -0.00000000000000
    0   -1    0    3    2      2.17458374536729     -0.00000000000000
    0   -1    0    4    2     -0.00044792164518      0.00000000000000
    0   -1    0    1    3     -1.62530694482902     -0.00000000000000
    0   -1    0    2    3      2.17458374536729      0.00000000000000
    0   -1    0    3    3      1.93275153467994      0.00000000000000
    0   -1    0    4    3      0.00044793725321      0.00000000000000
    0   -1    0    1    4      0.00000001121814      0.00000000000000
    0   -1    0    2    4     -0.00044792164518     -0.00000000000000
    0   -1    0    3    4      0.00044793725321     -0.00000000000000
    0   -1    0    4    4     -0.24183222172390     -0.00000000000000
    0   -1    1    1    1     -0.97444274317316     -0.00000000000000
    0   -1    1    2    1      1.62530803479288      0.00000000000000
    0   -1    1    3    1      0.00000001821061      0.00000000000000
    0   -1    1    4    1     -1.62530800903919     -0.00000000000000
    0   -1    1    1    2     -1.62530694482902     -0.00000000000000
    0   -1    1    2    2      1.93275153467994     -0.00000000000000
    0   -1    1    3    2      0.00044793725321      0.00000000000000
    0   -1    1    4    2     -2.17458374536729     -0.00000000000000
    0   -1    1    1    3      0.00000001121814      0.00000000000000
    0   -1    1    2    3      0.00044793725321     -0.00000000000000
    0   -1    1    3    3     -0.24183222172390     -0.00000000000000
    0   -1    1    4    3      0.00044792164518      0.00000000000000
    0   -1    1    1    4      1.62530696069387      0.00000000000000
    0   -1    1    2    4     -2.17458374536729      0.00000000000000
    0   -1    1    3    4      0.00044792164518     -0.00000000000000
    0   -1    1    4    4      1.93275151260684     -0.00000000000000
    0   -1    2    1    1     -0.00000000000067     -0.00000000000000
    0   -1    2    2    1      0.00005810257065      0.00000000000000
    0   -1    2    3    1     -0.00005810257065      0.00000000000000
    0   -1    2    4    1     -0.00011620514129      0.00000000000000
    0   -1    2    1    2     -0.00005812104590     -0.00000000000000
    0   -1    2    2    2     -0.04604469723898     -0.00000000000000
    0   -1    2    3    2     -0.00920893937444      0.00000000000000
    0   -1    2    4    2     -0.01841787893411      0.00000000000000
    0   -1    2    1    3      0.00005812104590      0.00000000000000
    0   -1    2    2    3     -0.00920893937444     -0.00000000000000
    0   -1    2    3    3     -0.04604469740294     -0.00000000000000
    0   -1    2    4    3      0.01841787901609     -0.00000000000000
    0   -1    2    1    4      0.00011624209181      0.00000000000000
    0   -1    2    2    4     -0.01841787893411     -0.00000000000000
    0   -1    2    3    4      0.01841787901609      0.00000000000000
    0   -1    2    4    4     -0.01841787897143     -0.00000000000000
    0    0   -2    1    1     -0.00000000000000     -0.00000000000000
    0    0   -2    2    1     -0.00000000000000     -0.00000000000000
    0    0   -2    3    1      0.00000079189230     -0.00000000000000
    0    0   -2    4    1      0.00000079189230     -0.00000000000000
    0    0   -2    1    2     -0.00000000000000     -0.00000000000000
    0    0   -2    2    2     -0.02641096198571     -0.00000000000000
    0    0   -2    3    2      0.00000000000000     -0.00000000000000
    0    0   -2    4    2      0.00000000000000     -0.00000000000000
    0    0   -2    1    3     -0.00000079227030      0.00000000000000
    0    0   -2    2    3      0.00000000000000      0.00000000000000
    0    0   -2    3    3     -0.01320548099293     -0.00000000000000
    0    0   -2    4    3      0.01320548099293     -0.00000000000000
    0    0   -2    1    4     -0.00000079227030      0.00000000000000
    0    0   -2    2    4      0.00000000000000      0.00000000000000
    0    0   -2    3    4      0.01320548099293      0.00000000000000
    0    0   -2    4    4     -0.01320548099293     -0.00000000000000
    0    0   -1    1    1     -0.97444274317316     -0.00000000000000
    0    0   -1    2    1     -0.00000002575369     -0.00000000000000
    0    0   -1    3    1      1.62530802191604     -0.00000000000000
    0    0   -1    4    1      1.62530802191604     -0.00000000000000
    0    0   -1    1    2     -0.00000001586485     -0.00000000000000
    0    0   -1    2    2     -0.24119875382186     -0.00000000000000
    0    0   -1    3    2     -0.00000001103655     -0.00000000000000
    0    0   -1    4    2     -0.00000001103655     -0.00000000000000
    0    0   -1    1    3     -1.62530695276144      0.00000000000000
    0    0   -1    2    3     -0.00000001103655      0.00000000000000
    0    0   -1    3    3      1.93243478969237     -0.00000000000000
    0    0   -1    4    3      2.17490047931831     -0.00000000000000
    0    0   -1    1    4     -1.62530695276144      0.00000000000000
    0    0   -1    2    4     -0.00000001103655      0.00000000000000
    0    0   -1    3    4      2.17490047931831      0.00000000000000
    0    0   -1    4    4      1.93243478969237      0.00000000000000
    0    0    0    1    1     -3.27953200000000      0.00000000000000
    0    0    0    2    1      0.00000000000000      0.00000000000000
    0    0    0    3    1      0.00000000000000      0.00000000000000
    0    0    0    4    1      0.00000000000000      0.00000000000000
    0    0    0    1    2      0.00000000000000      0.00000000000000
    0    0    0    2    2     12.62854200000000      0.00000000000000
    0    0    0    3    2     -0.00039600000000      0.00000000000000
    0    0    0    4    2     -0.00039600000000      0.00000000000000
    0    0    0    1    3      0.00000000000000      0.00000000000000
    0    0    0    2    3     -0.00039600000000      0.00000000000000
    0    0    0    3    3     12.62854200000000      0.00000000000000
    0    0    0    4    3     -0.00039600000000      0.00000000000000
    0    0    0    1    4      0.00000000000000      0.00000000000000
    0    0    0    2    4     -0.00039600000000      0.00000000000000
    0    0    0    3    4     -0.00039600000000      0.00000000000000
    0    0    0    4    4     12.62854200000000      0.00000000000000
    0    0    1    1    1     -0.97444274317316      0.00000000000000
    0    0    1    2    1     -0.00000001586485      0.00000000000000
    0    0    1    3    1     -1.62530695276144     -0.00000000000000
    0    0    1    4    1     -1.62530695276144     -0.00000000000000
    0    0    1    1    2     -0.00000002575369      0.00000000000000
    0    0    1    2    2     -0.24119875382186      0.00000000000000
    0    0    1    3    2     -0.00000001103655     -0.00000000000000
    0    0    1    4    2     -0.00000001103655     -0.00000000000000
    0    0    1    1    3      1.62530802191604      0.00000000000000
    0    0    1    2    3     -0.00000001103655      0.00000000000000
    0    0    1    3    3      1.93243478969237      0.00000000000000
    0    0    1    4    3      2.17490047931831     -0.00000000000000
    0    0    1    1    4      1.62530802191604      0.00000000000000
    0    0    1    2    4     -0.00000001103655      0.00000000000000
    0    0    1    3    4      2.17490047931831      0.00000000000000
    0    0    1    4    4      1.93243478969237     -0.00000000000000
    0    0    2    1    1     -0.00000000000000      0.00000000000000
    0    0    2    2    1     -0.00000000000000      0.00000000000000
    0    0    2    3    1     -0.00000079227030     -0.00000000000000
    0    0    2    4    1     -0.00000079227030     -0.00000000000000
    0    0    2    1    2     -0.00000000000000      0.00000000000000
    0    0    2    2    2     -0.02641096198571      0.00000000000000
    0    0    2    3    2      0.00000000000000     -0.00000000000000
    0    0    2    4    2      0.00000000000000     -0.00000000000000
    0    0    2    1    3      0.00000079189230      0.00000000000000
    0    0    2    2    3      0.00000000000000      0.00000000000000
    0    0    2    3    3     -0.01320548099293      0.00000000000000
    0    0    2    4    3      0.01320548099293     -0.00000000000000
    0    0    2    1    4      0.00000079189230      0.00000000000000
    0    0    2    2    4      0.00000000000000      0.00000000000000
    0    0    2    3    4      0.01320548099293      0.00000000000000
    0    0    2    4    4     -0.01320548099293      0.00000000000000
    0    1   -2    1    1     -0.00000000000067      0.00000000000000
    0    1   -2    2    1     -0.00005812104590      0.00000000000000
    0    1   -2    3    1      0.00005812104590     -0.00000000000000
    0    1   -2    4    1      0.00011624209181     -0.00000000000000
    0    1   -2    1    2      0.00005810257065     -0.00000000000000
    0    1   -2    2    2     -0.04604469723898      0.00000000000000
    0    1   -2    3    2     -0.00920893937444      0.00000000000000
    0    1   -2    4    2     -0.01841787893411      0.00000000000000
    0    1   -2    1    3     -0.00005810257065     -0.00000000000000
    0    1   -2    2    3     -0.00920893937444     -0.00000000000000
    0    1   -2    3    3     -0.04604469740294      0.00000000000000
    0    1   -2    4    3      0.01841787901609     -0.00000000000000
    0    1   -2    1    4     -0.00011620514129     -0.00000000000000
    0    1   -2    2    4     -0.01841787893411     -0.00000000000000
    0    1   -2    3    4      0.01841787901609      0.00000000000000
    0    1   -2    4    4     -0.01841787897143      0.00000000000000
    0    1   -1    1    1     -0.97444274317316      0.00000000000000
    0    1   -1    2    1     -1.62530694482902      0.00000000000000
    0    1   -1    3    1      0.00000001121814     -0.00000000000000
    0    1   -1    4    1      1.62530696069387     -0.00000000000000
    0    1   -1    1    2      1.62530803479288     -0.00000000000000
    0    1   -1    2    2      1.93275153467994      0.00000000000000
    0    1   -1    3    2      0.00044793725321      0.00000000000000
    0    1   -1    4    2     -2.17458374536729     -0.00000000000000
    0    1   -1    1    3      0.00000001821061     -0.00000000000000
    0    1   -1    2    3      0.00044793725321     -0.00000000000000
    0    1   -1    3    3     -0.24183222172390      0.00000000000000
    0    1   -1    4    3      0.00044792164518      0.00000000000000
    0    1   -1    1    4     -1.62530800903919      0.00000000000000
    0    1   -1    2    4     -2.17458374536729      0.00000000000000
    0    1   -1    3    4      0.00044792164518     -0.00000000000000
    0    1   -1    4    4      1.93275151260684      0.00000000000000
    0    1    0    1    1     -0.97444274317316      0.00000000000000
    0    1    0    2    1     -1.62530696069387      0.00000000000000
    0    1    0    3    1     -1.62530694482902      0.00000000000000
    0    1    0    4    1      0.00000001121814     -0.00000000000000
    0    1    0    1    2      1.62530800903919     -0.00000000000000
    0    1    0    2    2      1.93275151260684      0.00000000000000
    0    1    0    3    2      2.17458374536729     -0.00000000000000
    0    1    0    4    2     -0.00044792164518      0.00000000000000
    0    1    0    1    3      1.62530803479288     -0.00000000000000
    0    1    0    2    3      2.17458374536729      0.00000000000000
    0    1    0    3    3      1.93275153467994     -0.00000000000000
    0    1    0    4    3      0.00044793725321      0.00000000000000
    0    1    0    1    4      0.00000001821061     -0.00000000000000
    0    1    0    2    4     -0.00044792164518     -0.00000000000000
    0    1    0    3    4      0.00044793725321     -0.00000000000000
    0    1    0    4    4     -0.24183222172390      0.00000000000000
    0    1    1    1    1     -0.00000000000067      0.00000000000000
    0    1    1    2    1     -0.00005812104590      0.00000000000000
    0    1    1    3    1     -0.00011624209181     -0.00000000000000
    0    1    1    4    1     -0.00005812104590     -0.00000000000000
    0    1    1    1    2      0.00005810257065     -0.00000000000000
    0    1    1    2    2     -0.04604469723899      0.00000000000000
    0    1    1    3    2      0.01841787893411      0.00000000000000
    0    1    1    4    2      0.00920893937444      0.00000000000000
    0    1    1    1    3      0.00011620514129     -0.00000000000000
    0    1    1    2    3      0.01841787893411     -0.00000000000000
    0    1    1    3    3     -0.01841787897143     -0.00000000000000
    0    1    1    4    3      0.01841787901609     -0.00000000000000
    0    1    1    1    4      0.00005810257065     -0.00000000000000
    0    1    1    2    4      0.00920893937444     -0.00000000000000
    0    1    1    3    4      0.01841787901609      0.00000000000000
    0    1    1    4    4     -0.04604469740294     -0.00000000000000
    0    2   -2    1    1     -0.00000000000000      0.00000000000000
    0    2   -2    2    1     -0.00000079227030      0.00000000000000
    0    2   -2    3    1      0.00000000000000     -0.00000000000000
    0    2   -2    4    1      0.00000079227030     -0.00000000000000
    0    2   -2    1    2      0.00000079189230     -0.00000000000000
    0    2   -2    2    2     -0.01320548099289     -0.00000000000000
    0    2   -2    3    2      0.00000000000005      0.00000000000000
    0    2   -2    4    2     -0.01320548099289     -0.00000000000000
    0    2   -2    1    3      0.00000000000000     -0.00000000000000
    0    2   -2    2    3      0.00000000000005     -0.00000000000000
    0    2   -2    3    3     -0.02641096198578      0.00000000000000
    0    2   -2    4    3      0.00000000000005      0.00000000000000
    0    2   -2    1    4     -0.00000079189230      0.00000000000000
    0    2   -2    2    4     -0.01320548099289      0.00000000000000
    0    2   -2    3    4      0.00000000000005     -0.00000000000000
    0    2   -2    4    4     -0.01320548099289      0.00000000000000
    0    2   -1    1    1     -0.00000000000067      0.00000000000000
    0    2   -1    2    1     -0.00011624209181     -0.00000000000000
    0    2   -1    3    1     -0.00005812104590      0.00000000000000
    0    2   -1    4    1      0.00005812104590      0.00000000000000
    0    2   -1    1    2      0.00011620514129      0.00000000000000
    0    2   -1    2    2     -0.01841787898414      0.00000000000000
    0    2   -1    3    2      0.01841787898781      0.00000000000000
    0    2   -1    4    2     -0.01841787898781      0.00000000000000
    0    2   -1    1    3      0.00005810257065      0.00000000000000
    0    2   -1    2    3      0.01841787898781     -0.00000000000000
    0    2   -1    3    3     -0.04604469731461      0.00000000000000
    0    2   -1    4    3     -0.00920893934266     -0.00000000000000
    0    2   -1    1    4     -0.00005810257065      0.00000000000000
    0    2   -1    2    4     -0.01841787898781     -0.00000000000000
    0    2   -1    3    4     -0.00920893934266      0.00000000000000
    0    2   -1    4    4     -0.04604469731461      0.00000000000000
    0    2    0    1    1     -0.00000000000000      0.00000000000000
    0    2    0    2    1     -0.00000079227030      0.00000000000000
    0    2    0    3    1     -0.00000079227030      0.00000000000000
    0    2    0    4    1      0.00000000000000     -0.00000000000000
    0    2    0    1    2      0.00000079189230     -0.00000000000000
    0    2    0    2    2     -0.01320548099289      0.00000000000000
    0    2    0    3    2      0.01320548099289     -0.00000000000000
    0    2    0    4    2     -0.00000000000005      0.00000000000000
    0    2    0    1    3      0.00000079189230     -0.00000000000000
    0    2    0    2    3      0.01320548099289      0.00000000000000
    0    2    0    3    3     -0.01320548099289      0.00000000000000
    0    2    0    4    3      0.00000000000005      0.00000000000000
    0    2    0    1    4      0.00000000000000     -0.00000000000000
    0    2    0    2    4     -0.00000000000005     -0.00000000000000
    0    2    0    3    4      0.00000000000005     -0.00000000000000
    0    2    0    4    4     -0.02641096198578      0.00000000000000
    1   -2    0    1    1     -0.00000000000067      0.00000000000000
    1   -2    0    2    1      0.00005812104590     -0.00000000000000
    1   -2    0    3    1      0.00011624209181      0.00000000000000
    1   -2    0    4    1     -0.00005812104590      0.00000000000000
    1   -2    0    1    2     -0.00005810257065      0.00000000000000
    1   -2    0    2    2     -0.04604469744065     -0.00000000000000
    1   -2    0    3    2      0.01841787901477      0.00000000000000
    1   -2    0    4    2     -0.00920893941477     -0.00000000000000
    1   -2    0    1    3     -0.00011620514129      0.00000000000000
    1   -2    0    2    3      0.01841787901477     -0.00000000000000
    1   -2    0    3    3     -0.01841787895530      0.00000000000000
    1   -2    0    4    3     -0.01841787890316     -0.00000000000000
    1   -2    0    1    4      0.00005810257065      0.00000000000000
    1   -2    0    2    4     -0.00920893941477      0.00000000000000
    1   -2    0    3    4     -0.01841787890316      0.00000000000000
    1   -2    0    4    4     -0.04604469721741      0.00000000000000
    1   -2    1    1    1     -0.00000000000067      0.00000000000000
    1   -2    1    2    1      0.00005812104590     -0.00000000000000
    1   -2    1    3    1      0.00005812104590      0.00000000000000
    1   -2    1    4    1     -0.00011624209181      0.00000000000000
    1   -2    1    1    2     -0.00005810257065      0.00000000000000
    1   -2    1    2    2     -0.04604469744065     -0.00000000000000
    1   -2    1    3    2      0.00920893941477     -0.00000000000000
    1   -2    1    4    2     -0.01841787901477     -0.00000000000000
    1   -2    1    1    3     -0.00005810257065      0.00000000000000
    1   -2    1    2    3      0.00920893941477      0.00000000000000
    1   -2    1    3    3     -0.04604469721741      0.00000000000000
    1   -2    1    4    3     -0.01841787890316     -0.00000000000000
    1   -2    1    1    4      0.00011620514129      0.00000000000000
    1   -2    1    2    4     -0.01841787901477      0.00000000000000
    1   -2    1    3    4     -0.01841787890316      0.00000000000000
    1   -2    1    4    4     -0.01841787895530     -0.00000000000000
    1   -1   -1    1    1     -0.00000081020053      0.00000000000000
    1   -1   -1    2    1      0.00000000000036      0.00000000000000
    1   -1   -1    3    1      0.01808963143938     -0.00000000000000
    1   -1   -1    4    1      0.00000000000036     -0.00000000000000
    1   -1   -1    1    2      0.00000000000058     -0.00000000000000
    1   -1   -1    2    2     -0.11559459220797     -0.00000000000000
    1   -1   -1    3    2     -0.00000000000035     -0.00000000000000
    1   -1   -1    4    2      0.00000030953008      0.00000000000000
    1   -1   -1    1    3     -0.01808676203451      0.00000000000000
    1   -1   -1    2    3     -0.00000000000035      0.00000000000000
    1   -1   -1    3    3      0.00000388055987      0.00000000000000
    1   -1   -1    4    3     -0.00000000000035     -0.00000000000000
    1   -1   -1    1    4      0.00000000000058     -0.00000000000000
    1   -1   -1    2    4      0.00000030953008     -0.00000000000000
    1   -1   -1    3    4     -0.00000000000035      0.00000000000000
    1   -1   -1    4    4     -0.11559459220797      0.00000000000000
    1   -1    0    1    1     -0.97444274317316      0.00000000000000
    1   -1    0    2    1     -0.00000000000000     -0.00000000000000
    1   -1    0    3    1      1.62530696397958     -0.00000000000000
    1   -1    0    4    1     -1.62530694154330      0.00000000000000
    1   -1    0    1    2      0.00000000000000      0.00000000000000
    1   -1    0    2    2     -0.24246568962593      0.00000000000000
    1   -1    0    3    2     -0.00000000000000     -0.00000000000000
    1   -1    0    4    2      0.00000000000000     -0.00000000000000
    1   -1    0    1    3     -1.62530800370543      0.00000000000000
    1   -1    0    2    3     -0.00000000000000      0.00000000000000
    1   -1    0    3    3      1.93306824198637      0.00000000000000
    1   -1    0    4    3     -2.17426701141626      0.00000000000000
    1   -1    0    1    4      1.62530804012665      0.00000000000000
    1   -1    0    2    4      0.00000000000000      0.00000000000000
    1   -1    0    3    4     -2.17426701141626     -0.00000000000000
    1   -1    0    4    4      1.93306827320244      0.00000000000000
    1   -1    1    1    1     -0.00000081020053      0.00000000000000
    1   -1    1    2    1     -0.00000000000036      0.00000000000000
    1   -1    1    3    1      0.00000000000036     -0.00000000000000
    1   -1    1    4    1     -0.01808963143938      0.00000000000000
    1   -1    1    1    2     -0.00000000000058     -0.00000000000000
    1   -1    1    2    2     -0.11559459220797      0.00000000000000
    1   -1    1    3    2     -0.00000030953008      0.00000000000000
    1   -1    1    4    2     -0.00000000000035     -0.00000000000000
    1   -1    1    1    3      0.00000000000058     -0.00000000000000
    1   -1    1    2    3     -0.00000030953008     -0.00000000000000
    1   -1    1    3    3     -0.11559459220797      0.00000000000000
    1   -1    1    4    3      0.00000000000035     -0.00000000000000
    1   -1    1    1    4      0.01808676203451     -0.00000000000000
    1   -1    1    2    4     -0.00000000000035      0.00000000000000
    1   -1    1    3    4      0.00000000000035      0.00000000000000
    1   -1    1    4    4      0.00000388055987      0.00000000000000
    1    0   -2    1    1     -0.00000000000067      0.00000000000000
    1    0   -2    2    1     -0.00005812104590     -0.00000000000000
    1    0   -2    3    1      0.00011624209181      0.00000000000000
    1    0   -2    4    1      0.00005812104590     -0.00000000000000
    1    0   -2    1    2      0.00005810257065      0.00000000000000
    1    0   -2    2    2     -0.04604469723898     -0.00000000000000
    1    0   -2    3    2     -0.01841787893411     -0.00000000000000
    1    0   -2    4    2     -0.00920893937444      0.00000000000000
    1    0   -2    1    3     -0.00011620514129      0.00000000000000
    1    0   -2    2    3     -0.01841787893411      0.00000000000000
    1    0   -2    3    3     -0.01841787897143      0.00000000000000
    1    0   -2    4    3      0.01841787901609      0.00000000000000
    1    0   -2    1    4     -0.00005810257065     -0.00000000000000
    1    0   -2    2    4     -0.00920893937444     -0.00000000000000
    1    0   -2    3    4      0.01841787901609     -0.00000000000000
    1    0   -2    4    4     -0.04604469740294      0.00000000000000
    1    0   -1    1    1     -0.97444274317316      0.00000000000000
    1    0   -1    2    1     -1.62530694482902     -0.00000000000000
    1    0   -1    3    1      1.62530696069387      0.00000000000000
    1    0   -1    4    1      0.00000001121814      0.00000000000000
    1    0   -1    1    2      1.62530803479288      0.00000000000000
    1    0   -1    2    2      1.93275153467994      0.00000000000000
    1    0   -1    3    2     -2.17458374536729      0.00000000000000
    1    0   -1    4    2      0.00044793725321     -0.00000000000000
    1    0   -1    1    3     -1.62530800903919     -0.00000000000000
    1    0   -1    2    3     -2.17458374536729     -0.00000000000000
    1    0   -1    3    3      1.93275151260684      0.00000000000000
    1    0   -1    4    3      0.00044792164518      0.00000000000000
    1    0   -1    1    4      0.00000001821061      0.00000000000000
    1    0   -1    2    4      0.00044793725321      0.00000000000000
    1    0   -1    3    4      0.00044792164518     -0.00000000000000
    1    0   -1    4    4     -0.24183222172390      0.00000000000000
    1    0    0    1    1     -0.97444274317316      0.00000000000000
    1    0    0    2    1     -1.62530696069387     -0.00000000000000
    1    0    0    3    1      0.00000001121814      0.00000000000000
    1    0    0    4    1     -1.62530694482902     -0.00000000000000
    1    0    0    1    2      1.62530800903919      0.00000000000000
    1    0    0    2    2      1.93275151260684     -0.00000000000000
    1    0    0    3    2     -0.00044792164518     -0.00000000000000
    1    0    0    4    2      2.17458374536729      0.00000000000000
    1    0    0    1    3      0.00000001821061      0.00000000000000
    1    0    0    2    3     -0.00044792164518      0.00000000000000
    1    0    0    3    3     -0.24183222172390      0.00000000000000
    1    0    0    4    3      0.00044793725321      0.00000000000000
    1    0    0    1    4      1.62530803479288      0.00000000000000
    1    0    0    2    4      2.17458374536729     -0.00000000000000
    1    0    0    3    4      0.00044793725321     -0.00000000000000
    1    0    0    4    4      1.93275153467994      0.00000000000000
    1    0    1    1    1     -0.00000000000067      0.00000000000000
    1    0    1    2    1     -0.00005812104590     -0.00000000000000
    1    0    1    3    1     -0.00005812104590     -0.00000000000000
    1    0    1    4    1     -0.00011624209181      0.00000000000000
    1    0    1    1    2      0.00005810257065      0.00000000000000
    1    0    1    2    2     -0.04604469723899     -0.00000000000000
    1    0    1    3    2      0.00920893937444      0.00000000000000
    1    0    1    4    2      0.01841787893411     -0.00000000000000
    1    0    1    1    3      0.00005810257065     -0.00000000000000
    1    0    1    2    3      0.00920893937444     -0.00000000000000
    1    0    1    3    3     -0.04604469740294     -0.00000000000000
    1    0    1    4    3      0.01841787901609      0.00000000000000
    1    0    1    1    4      0.00011620514129      0.00000000000000
    1    0    1    2    4      0.01841787893411      0.00000000000000
    1    0    1    3    4      0.01841787901609     -0.00000000000000
    1    0    1    4    4     -0.01841787897143      0.00000000000000
    1    1   -2    1    1     -0.00000000000067      0.00000000000000
    1    1   -2    2    1     -0.00011624209181      0.00000000000000
    1    1   -2    3    1      0.00005812104590      0.00000000000000
    1    1   -2    4    1      0.00005812104590     -0.00000000000000
    1    1   -2    1    2      0.00011620514129      0.00000000000000
    1    1   -2    2    2     -0.01841787888331     -0.00000000000000
    1    1   -2    3    2     -0.01841787888698      0.00000000000000
    1    1   -2    4    2     -0.01841787888698     -0.00000000000000
    1    1   -2    1    3     -0.00005810257065      0.00000000000000
    1    1   -2    2    3     -0.01841787888698     -0.00000000000000
    1    1   -2    3    3     -0.04604469736502      0.00000000000000
    1    1   -2    4    3      0.00920893959473     -0.00000000000000
    1    1   -2    1    4     -0.00005810257065     -0.00000000000000
    1    1   -2    2    4     -0.01841787888698      0.00000000000000
    1    1   -2    3    4      0.00920893959473      0.00000000000000
    1    1   -2    4    4     -0.04604469736502      0.00000000000000
    1    1   -1    1    1     -0.00000081020053      0.00000000000000
    1    1   -1    2    1     -0.01808963143938      0.00000000000000
    1    1   -1    3    1      0.00000000000036     -0.00000000000000
    1    1   -1    4    1      0.00000000000036      0.00000000000000
    1    1   -1    1    2      0.01808676203451      0.00000000000000
    1    1   -1    2    2      0.00000388055987      0.00000000000000
    1    1   -1    3    2      0.00000000000035     -0.00000000000000
    1    1   -1    4    2      0.00000000000035      0.00000000000000
    1    1   -1    1    3      0.00000000000058      0.00000000000000
    1    1   -1    2    3      0.00000000000035      0.00000000000000
    1    1   -1    3    3     -0.11559459220797      0.00000000000000
    1    1   -1    4    3      0.00000030953008     -0.00000000000000
    1    1   -1    1    4      0.00000000000058     -0.00000000000000
    1    1   -1    2    4      0.00000000000035     -0.00000000000000
    1    1   -1    3    4      0.00000030953008      0.00000000000000
    1    1   -1    4    4     -0.11559459220797     -0.00000000000000
    1    1    0    1    1     -0.00000000000067      0.00000000000000
    1    1    0    2    1     -0.00011624209181     -0.00000000000000
    1    1    0    3    1     -0.00005812104590     -0.00000000000000
    1    1    0    4    1     -0.00005812104590      0.00000000000000
    1    1    0    1    2      0.00011620514129     -0.00000000000000
    1    1    0    2    2     -0.01841787888331     -0.00000000000000
    1    1    0    3    2      0.01841787888698     -0.00000000000000
    1    1    0    4    2      0.01841787888698      0.00000000000000
    1    1    0    1    3      0.00005810257065     -0.00000000000000
    1    1    0    2    3      0.01841787888698      0.00000000000000
    1    1    0    3    3     -0.04604469736502     -0.00000000000000
    1    1    0    4    3      0.00920893959473     -0.00000000000000
    1    1    0    1    4      0.00005810257065      0.00000000000000
    1    1    0    2    4      0.01841787888698     -0.00000000000000
    1    1    0    3    4      0.00920893959473      0.00000000000000
    1    1    0    4    4     -0.04604469736502      0.00000000000000
    2   -2    0    1    1     -0.00000000000000      0.00000000000000
    2   -2    0    2    1     -0.00000000000000     -0.00000000000000
    2   -2    0    3    1      0.00000079227030     -0.00000000000000
    2   -2    0    4    1     -0.00000079227030      0.00000000000000
    2   -2    0    1    2      0.00000000000000      0.00000000000000
    2   -2    0    2    2     -0.02641096198586      0.00000000000000
    2   -2    0    3    2     -0.00000000000000     -0.00000000000000
    2   -2    0    4    2      0.00000000000000     -0.00000000000000
    2   -2    0    1    3     -0.00000079189230      0.00000000000000
    2   -2    0    2    3     -0.00000000000000      0.00000000000000
    2   -2    0    3    3     -0.01320548099285      0.00000000000000
    2   -2    0    4    3     -0.01320548099285     -0.00000000000000
    2   -2    0    1    4      0.00000079189230      0.00000000000000
    2   -2    0    2    4      0.00000000000000      0.00000000000000
    2   -2    0    3    4     -0.01320548099285      0.00000000000000
    2   -2    0    4    4     -0.01320548099285      0.00000000000000
    2   -1   -1    1    1     -0.00000000000067      0.00000000000000
    2   -1   -1    2    1     -0.00005812104590      0.00000000000000
    2   -1   -1    3    1      0.00011624209181     -0.00000000000000
    2   -1   -1    4    1     -0.00005812104590     -0.00000000000000
    2   -1   -1    1    2      0.00005810257065     -0.00000000000000
    2   -1   -1    2    2     -0.04604469744065      0.00000000000000
    2   -1   -1    3    2     -0.01841787894068      0.00000000000000
    2   -1   -1    4    2      0.00920893956296      0.00000000000000
    2   -1   -1    1    3     -0.00011620514129     -0.00000000000000
    2   -1   -1    2    3     -0.01841787894068     -0.00000000000000
    2   -1   -1    3    3     -0.01841787889602     -0.00000000000000
    2   -1   -1    4    3     -0.01841787885870      0.00000000000000
    2   -1   -1    1    4      0.00005810257065     -0.00000000000000
    2   -1   -1    2    4      0.00920893956296     -0.00000000000000
    2   -1   -1    3    4     -0.01841787885870     -0.00000000000000
    2   -1   -1    4    4     -0.04604469727669     -0.00000000000000
    2   -1    0    1    1     -0.00000000000067      0.00000000000000
    2   -1    0    2    1     -0.00005812104590     -0.00000000000000
    2   -1    0    3    1      0.00005812104590      0.00000000000000
    2   -1    0    4    1     -0.00011624209181     -0.00000000000000
    2   -1    0    1    2      0.00005810257065      0.00000000000000
    2   -1    0    2    2     -0.04604469744065      0.00000000000000
    2   -1    0    3    2     -0.00920893956296     -0.00000000000000
    2   -1    0    4    2      0.01841787894068      0.00000000000000
    2   -1    0    1    3     -0.00005810257065      0.00000000000000
    2   -1    0    2    3     -0.00920893956296      0.00000000000000
    2   -1    0    3    3     -0.04604469727669      0.00000000000000
    2   -1    0    4    3     -0.01841787885870     -0.00000000000000
    2   -1    0    1    4      0.00011620514129     -0.00000000000000
    2   -1    0    2    4      0.01841787894068     -0.00000000000000
    2   -1    0    3    4     -0.01841787885870      0.00000000000000
    2   -1    0    4    4     -0.01841787889602      0.00000000000000
    2    0   -2    1    1     -0.00000000000000      0.00000000000000
    2    0   -2    2    1     -0.00000079227030     -0.00000000000000
    2    0   -2    3    1      0.00000079227030      0.00000000000000
    2    0   -2    4    1      0.00000000000000      0.00000000000000
    2    0   -2    1    2      0.00000079189230      0.00000000000000
    2    0   -2    2    2     -0.01320548099289      0.00000000000000
    2    0   -2    3    2     -0.01320548099289      0.00000000000000
    2    0   -2    4    2      0.00000000000005     -0.00000000000000
    2    0   -2    1    3     -0.00000079189230     -0.00000000000000
    2    0   -2    2    3     -0.01320548099289     -0.00000000000000
    2    0   -2    3    3     -0.01320548099289     -0.00000000000000
    2    0   -2    4    3      0.00000000000005      0.00000000000000
    2    0   -2    1    4      0.00000000000000      0.00000000000000
    2    0   -2    2    4      0.00000000000005      0.00000000000000
    2    0   -2    3    4      0.00000000000005     -0.00000000000000
    2    0   -2    4    4     -0.02641096198578      0.00000000000000
    2    0   -1    1    1     -0.00000000000067      0.00000000000000
    2    0   -1    2    1     -0.00011624209181      0.00000000000000
    2    0   -1    3    1      0.00005812104590     -0.00000000000000
    2    0   -1    4    1     -0.00005812104590     -0.00000000000000
    2    0   -1    1    2      0.00011620514129     -0.00000000000000
    2    0   -1    2    2     -0.01841787898414      0.00000000000000
    2    0   -1    3    2     -0.01841787898781     -0.00000000000000
    2    0   -1    4    2      0.01841787898781     -0.00000000000000
    2    0   -1    1    3     -0.00005810257065     -0.00000000000000
    2    0   -1    2    3     -0.01841787898781      0.00000000000000
    2    0   -1    3    3     -0.04604469731461      0.00000000000000
    2    0   -1    4    3     -0.00920893934266     -0.00000000000000
    2    0   -1    1    4      0.00005810257065     -0.00000000000000
    2    0   -1    2    4      0.01841787898781      0.00000000000000
    2    0   -1    3    4     -0.00920893934266      0.00000000000000
    2    0   -1    4    4     -0.04604469731461      0.00000000000000
    2    0    0    1    1     -0.00000000000000      0.00000000000000
    2    0    0    2    1     -0.00000079227030     -0.00000000000000
    2    0    0    3    1      0.00000000000000      0.00000000000000
    2    0    0    4    1     -0.00000079227030     -0.00000000000000
    2    0    0    1    2      0.00000079189230      0.00000000000000
    2    0    0    2    2     -0.01320548099289      0.00000000000000
    2    0    0    3    2     -0.00000000000005     -0.00000000000000
    2    0    0    4    2      0.01320548099289      0.00000000000000
    2    0    0    1    3      0.00000000000000      0.00000000000000
    2    0    0    2    3     -0.00000000000005      0.00000000000000
    2    0    0    3    3     -0.02641096198578     -0.00000000000000
    2    0    0    4    3      0.00000000000005      0.00000000000000
    2    0    0    1    4      0.00000079189230      0.00000000000000
    2    0    0    2    4      0.01320548099289     -0.00000000000000
    2    0    0    3    4      0.00000000000005     -0.00000000000000
    2    0    0    4    4     -0.01320548099289      0.00000000000000