 created by the TBmodels package    Sat, 26 Jul 2025 15:32:41 JST
           6
          33
    1    1    1    1    1    1    1    1    1    1    1    1    1    1    1
    1    1    1    1    1    1    1    1    1    1    1    1    1    1    1
    1    1    1
   -2    0    0    1    1      0.00000000000000     -0.00000000000000
   -2    0    0    2    1      0.00000000000000     -0.00000000000000
   -2    0    0    3    1      0.00000000000000     -0.00000000000000
   -2    0    0    4    1     -0.00541973710739     -0.00000000000000
   -2    0    0    5    1     -0.00861602029600      0.00000017988599
   -2    0    0    6    1      0.01459333620492      0.00000160809984
   -2    0    0    1    2      0.00000000000000     -0.00000000000000
   -2    0    0    2    2      0.00000000000000     -0.00000000000000
   -2    0    0    3    2      0.00000000000000     -0.00000000000000
   -2    0    0    4    2     -0.00861602029600     -0.00000017988599
   -2    0    0    5    2     -0.00176280287533      0.00000000000000
   -2    0    0    6    2     -0.01917101117510     -0.00000237689028
   -2    0    0    1    3      0.00000000000000     -0.00000000000000
   -2    0    0    2    3      0.00000000000000     -0.00000000000000
   -2    0    0    3    3      0.00000000000000     -0.00000000000000
   -2    0    0    4    3      0.01459333620492     -0.00000160809984
   -2    0    0    5    3     -0.01917101117510      0.00000237689028
   -2    0    0    6    3      0.00909273319477      0.00000000000000
   -2    0    0    1    4      0.00000000000000     -0.00000000000000
   -2    0    0    2    4      0.00000000000000     -0.00000000000000
   -2    0    0    3    4      0.00000000000000     -0.00000000000000
   -2    0    0    4    4      0.00000000000000     -0.00000000000000
   -2    0    0    5    4      0.00000000000000     -0.00000000000000
   -2    0    0    6    4      0.00000000000000     -0.00000000000000
   -2    0    0    1    5      0.00000000000000     -0.00000000000000
   -2    0    0    2    5      0.00000000000000     -0.00000000000000
   -2    0    0    3    5      0.00000000000000     -0.00000000000000
   -2    0    0    4    5      0.00000000000000     -0.00000000000000
   -2    0    0    5    5      0.00000000000000     -0.00000000000000
   -2    0    0    6    5      0.00000000000000     -0.00000000000000
   -2    0    0    1    6      0.00000000000000     -0.00000000000000
   -2    0    0    2    6      0.00000000000000     -0.00000000000000
   -2    0    0    3    6      0.00000000000000     -0.00000000000000
   -2    0    0    4    6      0.00000000000000     -0.00000000000000
   -2    0    0    5    6      0.00000000000000     -0.00000000000000
   -2    0    0    6    6      0.00000000000000     -0.00000000000000
   -1   -1   -1    1    1      0.00000000000000     -0.00000000000000
   -1   -1   -1    2    1      0.00000000000000     -0.00000000000000
   -1   -1   -1    3    1      0.00000000000000     -0.00000000000000
   -1   -1   -1    4    1     -0.01680196938247      0.00000000000000
   -1   -1   -1    5    1      0.01527798961403      0.00000000000021
   -1   -1   -1    6    1      0.00000000104213      0.00000000000026
   -1   -1   -1    1    2      0.00000000000000     -0.00000000000000
   -1   -1   -1    2    2      0.00000000000000     -0.00000000000000
   -1   -1   -1    3    2      0.00000000000000     -0.00000000000000
   -1   -1   -1    4    2      0.01527798961403     -0.00000000000021
   -1   -1   -1    5    2      0.02328800334488     -0.00000000000000
   -1   -1   -1    6    2     -0.00000000046203     -0.00000000000023
   -1   -1   -1    1    3      0.00000000000000     -0.00000000000000
   -1   -1   -1    2    3      0.00000000000000     -0.00000000000000
   -1   -1   -1    3    3      0.00000000000000     -0.00000000000000
   -1   -1   -1    4    3      0.00000000104213     -0.00000000000026
   -1   -1   -1    5    3     -0.00000000046203      0.00000000000023
   -1   -1   -1    6    3     -0.02197401276829      0.00000000000000
   -1   -1   -1    1    4      0.00000000000000     -0.00000000000000
   -1   -1   -1    2    4      0.00000000000000     -0.00000000000000
   -1   -1   -1    3    4      0.00000000000000     -0.00000000000000
   -1   -1   -1    4    4      0.00000000000000     -0.00000000000000
   -1   -1   -1    5    4      0.00000000000000     -0.00000000000000
   -1   -1   -1    6    4      0.00000000000000     -0.00000000000000
   -1   -1   -1    1    5      0.00000000000000     -0.00000000000000
   -1   -1   -1    2    5      0.00000000000000     -0.00000000000000
   -1   -1   -1    3    5      0.00000000000000     -0.00000000000000
   -1   -1   -1    4    5      0.00000000000000     -0.00000000000000
   -1   -1   -1    5    5      0.00000000000000     -0.00000000000000
   -1   -1   -1    6    5      0.00000000000000     -0.00000000000000
   -1   -1   -1    1    6      0.00000000000000     -0.00000000000000
   -1   -1   -1    2    6      0.00000000000000     -0.00000000000000
   -1   -1   -1    3    6      0.00000000000000     -0.00000000000000
   -1   -1   -1    4    6      0.00000000000000     -0.00000000000000
   -1   -1   -1    5    6      0.00000000000000     -0.00000000000000
   -1   -1   -1    6    6      0.00000000000000     -0.00000000000000
   -1   -1    0    1    1      0.00000000000000     -0.00000000000000
   -1   -1    0    2    1      0.00000000000000     -0.00000000000000
   -1   -1    0    3    1      0.00000000000000     -0.00000000000000
   -1   -1    0    4    1      1.09787789589701      0.00000000000000
   -1   -1    0    5    1     -2.00131957423332     -0.00000052149736
   -1   -1    0    6    1      0.00000000000000      0.00000000000000
   -1   -1    0    1    2      0.00000000000000     -0.00000000000000
   -1   -1    0    2    2      0.00000000000000     -0.00000000000000
   -1   -1    0    3    2      0.00000000000000     -0.00000000000000
   -1   -1    0    4    2     -2.00131957423332      0.00000052149736
   -1   -1    0    5    2      1.60231667636459     -0.00000000000000
   -1   -1    0    6    2     -0.00000000000000     -0.00000000000000
   -1   -1    0    1    3      0.00000000000000     -0.00000000000000
   -1   -1    0    2    3      0.00000000000000     -0.00000000000000
   -1   -1    0    3    3      0.00000000000000     -0.00000000000000
   -1   -1    0    4    3      0.00000000000000     -0.00000000000000
   -1   -1    0    5    3      0.00000000000000      0.00000000000000
   -1   -1    0    6    3     -0.72343065025608     -0.00000000000000
   -1   -1    0    1    4      0.00000000000000     -0.00000000000000
   -1   -1    0    2    4      0.00000000000000     -0.00000000000000
   -1   -1    0    3    4      0.00000000000000     -0.00000000000000
   -1   -1    0    4    4      0.00000000000000     -0.00000000000000
   -1   -1    0    5    4      0.00000000000000     -0.00000000000000
   -1   -1    0    6    4      0.00000000000000     -0.00000000000000
   -1   -1    0    1    5      0.00000000000000     -0.00000000000000
   -1   -1    0    2    5      0.00000000000000     -0.00000000000000
   -1   -1    0    3    5      0.00000000000000     -0.00000000000000
   -1   -1    0    4    5      0.00000000000000     -0.00000000000000
   -1   -1    0    5    5      0.00000000000000     -0.00000000000000
   -1   -1    0    6    5      0.00000000000000     -0.00000000000000
   -1   -1    0    1    6      0.00000000000000     -0.00000000000000
   -1   -1    0    2    6      0.00000000000000     -0.00000000000000
   -1   -1    0    3    6      0.00000000000000     -0.00000000000000
   -1   -1    0    4    6      0.00000000000000     -0.00000000000000
   -1   -1    0    5    6      0.00000000000000     -0.00000000000000
   -1   -1    0    6    6      0.00000000000000     -0.00000000000000
   -1   -1    1    1    1      0.18589680661837      0.00000000000000
   -1   -1    1    2    1     -0.16822305617888      0.00000000000000
   -1   -1    1    3    1      0.00053246217849     -0.00000000000000
   -1   -1    1    4    1      0.02821418729412      0.00000000000000
   -1   -1    1    5    1     -0.00007539249523      0.00000031214442
   -1   -1    1    6    1      0.00002087155547      0.00000016463923
   -1   -1    1    1    2     -0.13105430784264     -0.00000000000000
   -1   -1    1    2    2      0.29232256824425     -0.00000066666359
   -1   -1    1    3    2     -0.00083004684220     -0.00000000000000
   -1   -1    1    4    2     -0.00007539249523     -0.00000031214442
   -1   -1    1    5    2      0.02904360768388     -0.00000000000000
   -1   -1    1    6    2      0.00170403469998      0.00000050116725
   -1   -1    1    1    3      0.00211248417295      0.00000000000000
   -1   -1    1    2    3     -0.00310206419521      0.00000000000000
   -1   -1    1    3    3      0.08259003923132     -0.00000000000000
   -1   -1    1    4    3      0.00002087155547     -0.00000016463923
   -1   -1    1    5    3      0.00170403469998     -0.00000050116725
   -1   -1    1    6    3     -0.04106178421229      0.00000000000000
   -1   -1    1    1    4      0.00000000000000     -0.00000000000000
   -1   -1    1    2    4      0.00000000000000     -0.00000000000000
   -1   -1    1    3    4      0.00000000000000     -0.00000000000000
   -1   -1    1    4    4      0.18589680661837     -0.00000000000000
   -1   -1    1    5    4     -0.13105430784264      0.00000000000000
   -1   -1    1    6    4      0.00211248417295     -0.00000000000000
   -1   -1    1    1    5      0.00000000000000     -0.00000000000000
   -1   -1    1    2    5      0.00000000000000     -0.00000000000000
   -1   -1    1    3    5      0.00000000000000     -0.00000000000000
   -1   -1    1    4    5     -0.16822305617888     -0.00000000000000
   -1   -1    1    5    5      0.29232256824425      0.00000066666359
   -1   -1    1    6    5     -0.00310206419521     -0.00000000000000
   -1   -1    1    1    6      0.00000000000000     -0.00000000000000
   -1   -1    1    2    6      0.00000000000000     -0.00000000000000
   -1   -1    1    3    6      0.00000000000000     -0.00000000000000
   -1   -1    1    4    6      0.00053246217849      0.00000000000000
   -1   -1    1    5    6     -0.00083004684220      0.00000000000000
   -1   -1    1    6    6      0.08259003923132      0.00000000000000
   -1    0   -1    1    1      0.00000000000000     -0.00000000000000
   -1    0   -1    2    1      0.00000000000000     -0.00000000000000
   -1    0   -1    3    1      0.00000000000000     -0.00000000000000
   -1    0   -1    4    1      0.55735473614737     -0.00000000000000
   -1    0   -1    5    1      0.89052856967750     -0.00000034245090
   -1    0   -1    6    1     -1.66487746311999      0.00000008935860
   -1    0   -1    1    2      0.00000000000000     -0.00000000000000
   -1    0   -1    2    2      0.00000000000000     -0.00000000000000
   -1    0   -1    3    2      0.00000000000000     -0.00000000000000
   -1    0   -1    4    2      0.89052856967750      0.00000034245090
   -1    0   -1    5    2     -0.02660111380718      0.00000000000000
   -1    0   -1    6    2     -1.17784818178552     -0.00000038301686
   -1    0   -1    1    3      0.00000000000000     -0.00000000000000
   -1    0   -1    2    3      0.00000000000000     -0.00000000000000
   -1    0   -1    3    3      0.00000000000000     -0.00000000000000
   -1    0   -1    4    3     -1.66487746311999     -0.00000008935860
   -1    0   -1    5    3     -1.17784818178552      0.00000038301686
   -1    0   -1    6    3      1.44601029966533     -0.00000000000000
   -1    0   -1    1    4      0.00000000000000     -0.00000000000000
   -1    0   -1    2    4      0.00000000000000     -0.00000000000000
   -1    0   -1    3    4      0.00000000000000     -0.00000000000000
   -1    0   -1    4    4      0.00000000000000     -0.00000000000000
   -1    0   -1    5    4      0.00000000000000     -0.00000000000000
   -1    0   -1    6    4      0.00000000000000     -0.00000000000000
   -1    0   -1    1    5      0.00000000000000     -0.00000000000000
   -1    0   -1    2    5      0.00000000000000     -0.00000000000000
   -1    0   -1    3    5      0.00000000000000     -0.00000000000000
   -1    0   -1    4    5      0.00000000000000     -0.00000000000000
   -1    0   -1    5    5      0.00000000000000     -0.00000000000000
   -1    0   -1    6    5      0.00000000000000     -0.00000000000000
   -1    0   -1    1    6      0.00000000000000     -0.00000000000000
   -1    0   -1    2    6      0.00000000000000     -0.00000000000000
   -1    0   -1    3    6      0.00000000000000     -0.00000000000000
   -1    0   -1    4    6      0.00000000000000     -0.00000000000000
   -1    0   -1    5    6      0.00000000000000     -0.00000000000000
   -1    0   -1    6    6      0.00000000000000     -0.00000000000000
   -1    0    0    1    1     -0.03622288345382      0.00000230162046
   -1    0    0    2    1      0.01409975794582      0.00000099837380
   -1    0    0    3    1      0.00445547461610     -0.00000047665330
   -1    0    0    4    1      0.18584518267923      0.00000000000000
   -1    0    0    5    1      1.16898545157770      0.00000000041646
   -1    0    0    6    1      2.03460126102344      0.00000116258886
   -1    0    0    1    2     -0.00240519824408      0.00000099837380
   -1    0    0    2    2     -0.06595729304792     -0.00000048417737
   -1    0    0    3    2      0.02870932387429      0.00000097697494
   -1    0    0    4    2      1.16898545157770     -0.00000000041646
   -1    0    0    5    2     -0.13275740735971     -0.00000000000000
   -1    0    0    6    2      1.77611050902863      0.00000101427168
   -1    0    0    1    3      0.01359237435107     -0.00000047665330
   -1    0    0    2    3      0.01826580876954      0.00000097697494
   -1    0    0    3    3     -0.03555797585161      0.00000218254457
   -1    0    0    4    3      2.03460126102344     -0.00000116258886
   -1    0    0    5    3      1.77611050902863     -0.00000101427168
   -1    0    0    6    3      1.84308068800592      0.00000000000000
   -1    0    0    1    4      0.00000000000000     -0.00000000000000
   -1    0    0    2    4      0.00000000000000     -0.00000000000000
   -1    0    0    3    4      0.00000000000000     -0.00000000000000
   -1    0    0    4    4     -0.03622288345382     -0.00000230162046
   -1    0    0    5    4     -0.00240519824408     -0.00000099837380
   -1    0    0    6    4      0.01359237435107      0.00000047665330
   -1    0    0    1    5      0.00000000000000     -0.00000000000000
   -1    0    0    2    5      0.00000000000000     -0.00000000000000
   -1    0    0    3    5      0.00000000000000     -0.00000000000000
   -1    0    0    4    5      0.01409975794582     -0.00000099837380
   -1    0    0    5    5     -0.06595729304792      0.00000048417737
   -1    0    0    6    5      0.01826580876954     -0.00000097697494
   -1    0    0    1    6      0.00000000000000     -0.00000000000000
   -1    0    0    2    6      0.00000000000000     -0.00000000000000
   -1    0    0    3    6      0.00000000000000     -0.00000000000000
   -1    0    0    4    6      0.00445547461610      0.00000047665330
   -1    0    0    5    6      0.02870932387429     -0.00000097697494
   -1    0    0    6    6     -0.03555797585161     -0.00000218254457
   -1    0    1    1    1      0.05287438252316     -0.00000000000604
   -1    0    1    2    1      0.06658966630602      0.00000000003342
   -1    0    1    3    1      0.11207328696061     -0.00000000001452
   -1    0    1    4    1      0.00000000000000     -0.00000000000000
   -1    0    1    5    1      0.00000000000000     -0.00000000000000
   -1    0    1    6    1      0.00000000000000     -0.00000000000000
   -1    0    1    1    2     -0.11003513886194      0.00000000003342
   -1    0    1    2    2     -0.01658263361963      0.00000000004073
   -1    0    1    3    2     -0.09825957894500      0.00000000001065
   -1    0    1    4    2      0.00000000000000     -0.00000000000000
   -1    0    1    5    2      0.00000000000000     -0.00000000000000
   -1    0    1    6    2      0.00000000000000     -0.00000000000000
   -1    0    1    1    3     -0.02297638929927     -0.00000000001452
   -1    0    1    2    3      0.05491250905104      0.00000000001065
   -1    0    1    3    3      0.00264209560888      0.00000000005939
   -1    0    1    4    3      0.00000000000000     -0.00000000000000
   -1    0    1    5    3      0.00000000000000     -0.00000000000000
   -1    0    1    6    3      0.00000000000000     -0.00000000000000
   -1    0    1    1    4      0.00000000000000     -0.00000000000000
   -1    0    1    2    4      0.00000000000000     -0.00000000000000
   -1    0    1    3    4      0.00000000000000     -0.00000000000000
   -1    0    1    4    4      0.05287438252316      0.00000000000604
   -1    0    1    5    4     -0.11003513886194     -0.00000000003342
   -1    0    1    6    4     -0.02297638929927      0.00000000001452
   -1    0    1    1    5      0.00000000000000     -0.00000000000000
   -1    0    1    2    5      0.00000000000000     -0.00000000000000
   -1    0    1    3    5      0.00000000000000     -0.00000000000000
   -1    0    1    4    5      0.06658966630602     -0.00000000003342
   -1    0    1    5    5     -0.01658263361963     -0.00000000004073
   -1    0    1    6    5      0.05491250905104     -0.00000000001065
   -1    0    1    1    6      0.00000000000000     -0.00000000000000
   -1    0    1    2    6      0.00000000000000     -0.00000000000000
   -1    0    1    3    6      0.00000000000000     -0.00000000000000
   -1    0    1    4    6      0.11207328696061      0.00000000001452
   -1    0    1    5    6     -0.09825957894500     -0.00000000001065
   -1    0    1    6    6      0.00264209560888     -0.00000000005939
   -1    1   -1    1    1      0.18194499549218     -0.00000034326950
   -1    1   -1    2    1      0.06593819737060      0.00000006893049
   -1    1   -1    3    1     -0.11914876319317      0.00000032597533
   -1    1   -1    4    1     -0.01693377723283     -0.00000000000000
   -1    1   -1    5    1      0.01707182543572      0.00000048379926
   -1    1   -1    6    1     -0.02854916202297     -0.00000031624170
   -1    1   -1    1    2      0.09218770967750      0.00000006893049
   -1    1   -1    2    2      0.14201743124986     -0.00000001384164
   -1    1   -1    3    2     -0.10986224757621     -0.00000006545772
   -1    1   -1    4    2      0.01707182543572     -0.00000048379926
   -1    1   -1    5    2      0.02261731427678      0.00000000000000
   -1    1   -1    6    2      0.01023840247346      0.00000020405462
   -1    1   -1    1    3     -0.12875609486094      0.00000032597533
   -1    1   -1    2    3     -0.08520790379842     -0.00000006545772
   -1    1   -1    3    3      0.23684698735189     -0.00000030955246
   -1    1   -1    4    3     -0.02854916202297      0.00000031624170
   -1    1   -1    5    3      0.01023840247346     -0.00000020405462
   -1    1   -1    6    3      0.01051247372175     -0.00000000000000
   -1    1   -1    1    4      0.00000000000000     -0.00000000000000
   -1    1   -1    2    4      0.00000000000000     -0.00000000000000
   -1    1   -1    3    4      0.00000000000000     -0.00000000000000
   -1    1   -1    4    4      0.18194499549218      0.00000034326950
   -1    1   -1    5    4      0.09218770967750     -0.00000006893049
   -1    1   -1    6    4     -0.12875609486094     -0.00000032597533
   -1    1   -1    1    5      0.00000000000000     -0.00000000000000
   -1    1   -1    2    5      0.00000000000000     -0.00000000000000
   -1    1   -1    3    5      0.00000000000000     -0.00000000000000
   -1    1   -1    4    5      0.06593819737060     -0.00000006893049
   -1    1   -1    5    5      0.14201743124986      0.00000001384164
   -1    1   -1    6    5     -0.08520790379842      0.00000006545772
   -1    1   -1    1    6      0.00000000000000     -0.00000000000000
   -1    1   -1    2    6      0.00000000000000     -0.00000000000000
   -1    1   -1    3    6      0.00000000000000     -0.00000000000000
   -1    1   -1    4    6     -0.11914876319317     -0.00000032597533
   -1    1   -1    5    6     -0.10986224757621      0.00000006545772
   -1    1   -1    6    6      0.23684698735189      0.00000030955246
   -1    1    0    1    1     -0.01737052616204      0.00000000005696
   -1    1    0    2    1     -0.00300926255346      0.00000000000000
   -1    1    0    3    1     -0.05063880894117      0.00000000000000
   -1    1    0    4    1      0.00000000000000     -0.00000000000000
   -1    1    0    5    1      0.00000000000000     -0.00000000000000
   -1    1    0    6    1      0.00000000000000     -0.00000000000000
   -1    1    0    1    2     -0.00300926255346     -0.00000000000000
   -1    1    0    2    2     -0.03111416429388      0.00000000005327
   -1    1    0    3    2     -0.12492225824973      0.00000000002969
   -1    1    0    4    2      0.00000000000000     -0.00000000000000
   -1    1    0    5    2      0.00000000000000     -0.00000000000000
   -1    1    0    6    2      0.00000000000000     -0.00000000000000
   -1    1    0    1    3      0.05063880894117      0.00000000000000
   -1    1    0    2    3      0.12535612578625      0.00000000002969
   -1    1    0    3    3      0.08741853496832     -0.00000000001615
   -1    1    0    4    3      0.00000000000000     -0.00000000000000
   -1    1    0    5    3      0.00000000000000     -0.00000000000000
   -1    1    0    6    3      0.00000000000000     -0.00000000000000
   -1    1    0    1    4      0.00000000000000     -0.00000000000000
   -1    1    0    2    4      0.00000000000000     -0.00000000000000
   -1    1    0    3    4      0.00000000000000     -0.00000000000000
   -1    1    0    4    4     -0.01737052616204     -0.00000000005696
   -1    1    0    5    4     -0.00300926255346      0.00000000000000
   -1    1    0    6    4      0.05063880894117     -0.00000000000000
   -1    1    0    1    5      0.00000000000000     -0.00000000000000
   -1    1    0    2    5      0.00000000000000     -0.00000000000000
   -1    1    0    3    5      0.00000000000000     -0.00000000000000
   -1    1    0    4    5     -0.00300926255346     -0.00000000000000
   -1    1    0    5    5     -0.03111416429388     -0.00000000005327
   -1    1    0    6    5      0.12535612578625     -0.00000000002969
   -1    1    0    1    6      0.00000000000000     -0.00000000000000
   -1    1    0    2    6      0.00000000000000     -0.00000000000000
   -1    1    0    3    6      0.00000000000000     -0.00000000000000
   -1    1    0    4    6     -0.05063880894117     -0.00000000000000
   -1    1    0    5    6     -0.12492225824973     -0.00000000002969
   -1    1    0    6    6      0.08741853496832      0.00000000001615
   -1    1    1    1    1      0.18575405919345     -0.00000034326950
   -1    1    1    2    1      0.07991819143548     -0.00000032338036
   -1    1    1    3    1      0.11477156604506     -0.00000008022762
   -1    1    1    4    1      0.00000000000000     -0.00000000000000
   -1    1    1    5    1      0.00000000000000     -0.00000000000000
   -1    1    1    6    1      0.00000000000000     -0.00000000000000
   -1    1    1    1    2      0.07319612846253     -0.00000032338036
   -1    1    1    2    2      0.13922017907994     -0.00000030464361
   -1    1    1    3    2      0.08152563686100     -0.00000007557921
   -1    1    1    4    2      0.00000000000000     -0.00000000000000
   -1    1    1    5    2      0.00000000000000     -0.00000000000000
   -1    1    1    6    2      0.00000000000000     -0.00000000000000
   -1    1    1    1    3      0.13949783467851     -0.00000008022762
   -1    1    1    2    3      0.10859221946930     -0.00000007557921
   -1    1    1    3    3      0.23583517582054     -0.00000001875049
   -1    1    1    4    3      0.00000000000000     -0.00000000000000
   -1    1    1    5    3      0.00000000000000     -0.00000000000000
   -1    1    1    6    3      0.00000000000000     -0.00000000000000
   -1    1    1    1    4     -0.01655796530765     -0.00000000000000
   -1    1    1    2    4      0.01616996843909      0.00000199999661
   -1    1    1    3    4      0.03129395321620      0.00000000000000
   -1    1    1    4    4      0.18575405919345      0.00000034326950
   -1    1    1    5    4      0.07319612846253      0.00000032338036
   -1    1    1    6    4      0.13949783467851      0.00000008022762
   -1    1    1    1    5      0.01616996843909     -0.00000199999661
   -1    1    1    2    5      0.01877997925594      0.00000000000000
   -1    1    1    3    5     -0.00675199913800     -0.00000199999661
   -1    1    1    4    5      0.07991819143548      0.00000032338036
   -1    1    1    5    5      0.13922017907994      0.00000030464361
   -1    1    1    6    5      0.10859221946930      0.00000007557921
   -1    1    1    1    6      0.03129395321620     -0.00000000000000
   -1    1    1    2    6     -0.00675199913800      0.00000199999661
   -1    1    1    3    6      0.01401399674959      0.00000000000000
   -1    1    1    4    6      0.11477156604506      0.00000008022762
   -1    1    1    5    6      0.08152563686100      0.00000007557921
   -1    1    1    6    6      0.23583517582054      0.00000001875049
    0   -2    0    1    1      0.00000000000000     -0.00000000000000
    0   -2    0    2    1      0.00000000000000     -0.00000000000000
    0   -2    0    3    1      0.00000000000000     -0.00000000000000
    0   -2    0    4    1     -0.00541973710739      0.00000000000000
    0   -2    0    5    1     -0.00861602029600      0.00000017988599
    0   -2    0    6    1     -0.01459333620492     -0.00000160809984
    0   -2    0    1    2      0.00000000000000     -0.00000000000000
    0   -2    0    2    2      0.00000000000000     -0.00000000000000
    0   -2    0    3    2      0.00000000000000     -0.00000000000000
    0   -2    0    4    2     -0.00861602029600     -0.00000017988599
    0   -2    0    5    2     -0.00176280287533     -0.00000000000000
    0   -2    0    6    2      0.01917101117510      0.00000237689028
    0   -2    0    1    3      0.00000000000000     -0.00000000000000
    0   -2    0    2    3      0.00000000000000     -0.00000000000000
    0   -2    0    3    3      0.00000000000000     -0.00000000000000
    0   -2    0    4    3     -0.01459333620492      0.00000160809984
    0   -2    0    5    3      0.01917101117510     -0.00000237689028
    0   -2    0    6    3      0.00909273319477     -0.00000000000000
    0   -2    0    1    4      0.00000000000000     -0.00000000000000
    0   -2    0    2    4      0.00000000000000     -0.00000000000000
    0   -2    0    3    4      0.00000000000000     -0.00000000000000
    0   -2    0    4    4      0.00000000000000     -0.00000000000000
    0   -2    0    5    4      0.00000000000000     -0.00000000000000
    0   -2    0    6    4      0.00000000000000     -0.00000000000000
    0   -2    0    1    5      0.00000000000000     -0.00000000000000
    0   -2    0    2    5      0.00000000000000     -0.00000000000000
    0   -2    0    3    5      0.00000000000000     -0.00000000000000
    0   -2    0    4    5      0.00000000000000     -0.00000000000000
    0   -2    0    5    5      0.00000000000000     -0.00000000000000
    0   -2    0    6    5      0.00000000000000     -0.00000000000000
    0   -2    0    1    6      0.00000000000000     -0.00000000000000
    0   -2    0    2    6      0.00000000000000     -0.00000000000000
    0   -2    0    3    6      0.00000000000000     -0.00000000000000
    0   -2    0    4    6      0.00000000000000     -0.00000000000000
    0   -2    0    5    6      0.00000000000000     -0.00000000000000
    0   -2    0    6    6      0.00000000000000     -0.00000000000000
    0   -1   -1    1    1      0.00000000000000     -0.00000000000000
    0   -1   -1    2    1      0.00000000000000     -0.00000000000000
    0   -1   -1    3    1      0.00000000000000     -0.00000000000000
    0   -1   -1    4    1      0.55735473614738     -0.00000000000000
    0   -1   -1    5    1      0.89052856967750     -0.00000034245090
    0   -1   -1    6    1      1.66487746311999     -0.00000008935860
    0   -1   -1    1    2      0.00000000000000     -0.00000000000000
    0   -1   -1    2    2      0.00000000000000     -0.00000000000000
    0   -1   -1    3    2      0.00000000000000     -0.00000000000000
    0   -1   -1    4    2      0.89052856967750      0.00000034245090
    0   -1   -1    5    2     -0.02660111380718      0.00000000000000
    0   -1   -1    6    2      1.17784818178552      0.00000038301686
    0   -1   -1    1    3      0.00000000000000     -0.00000000000000
    0   -1   -1    2    3      0.00000000000000     -0.00000000000000
    0   -1   -1    3    3      0.00000000000000     -0.00000000000000
    0   -1   -1    4    3      1.66487746311999      0.00000008935860
    0   -1   -1    5    3      1.17784818178552     -0.00000038301686
    0   -1   -1    6    3      1.44601029966533     -0.00000000000000
    0   -1   -1    1    4      0.00000000000000     -0.00000000000000
    0   -1   -1    2    4      0.00000000000000     -0.00000000000000
    0   -1   -1    3    4      0.00000000000000     -0.00000000000000
    0   -1   -1    4    4      0.00000000000000     -0.00000000000000
    0   -1   -1    5    4      0.00000000000000     -0.00000000000000
    0   -1   -1    6    4      0.00000000000000     -0.00000000000000
    0   -1   -1    1    5      0.00000000000000     -0.00000000000000
    0   -1   -1    2    5      0.00000000000000     -0.00000000000000
    0   -1   -1    3    5      0.00000000000000     -0.00000000000000
    0   -1   -1    4    5      0.00000000000000     -0.00000000000000
    0   -1   -1    5    5      0.00000000000000     -0.00000000000000
    0   -1   -1    6    5      0.00000000000000     -0.00000000000000
    0   -1   -1    1    6      0.00000000000000     -0.00000000000000
    0   -1   -1    2    6      0.00000000000000     -0.00000000000000
    0   -1   -1    3    6      0.00000000000000     -0.00000000000000
    0   -1   -1    4    6      0.00000000000000     -0.00000000000000
    0   -1   -1    5    6      0.00000000000000     -0.00000000000000
    0   -1   -1    6    6      0.00000000000000     -0.00000000000000
    0   -1    0    1    1     -0.03622288328903      0.00000230162046
    0   -1    0    2    1      0.01409976640794      0.00000099837380
    0   -1    0    3    1     -0.00445547004960      0.00000047665330
    0   -1    0    4    1      0.18584518267923     -0.00000000000000
    0   -1    0    5    1      1.16898545157770      0.00000000041646
    0   -1    0    6    1     -2.03460126102344     -0.00000116258886
    0   -1    0    1    2     -0.00240519598514      0.00000099837380
    0   -1    0    2    2     -0.06595728379435     -0.00000048417737
    0   -1    0    3    2     -0.02870932322127     -0.00000097697494
    0   -1    0    4    2      1.16898545157770     -0.00000000041646
    0   -1    0    5    2     -0.13275740735971      0.00000000000000
    0   -1    0    6    2     -1.77611050902863     -0.00000101427168
    0   -1    0    1    3     -0.01359237321855      0.00000047665330
    0   -1    0    2    3     -0.01826582092441     -0.00000097697494
    0   -1    0    3    3     -0.03555798526998      0.00000218254457
    0   -1    0    4    3     -2.03460126102344      0.00000116258886
    0   -1    0    5    3     -1.77611050902863      0.00000101427168
    0   -1    0    6    3      1.84308068800592     -0.00000000000000
    0   -1    0    1    4      0.00000000000000     -0.00000000000000
    0   -1    0    2    4      0.00000000000000     -0.00000000000000
    0   -1    0    3    4      0.00000000000000     -0.00000000000000
    0   -1    0    4    4     -0.03622288328903     -0.00000230162046
    0   -1    0    5    4     -0.00240519598514     -0.00000099837380
    0   -1    0    6    4     -0.01359237321855     -0.00000047665330
    0   -1    0    1    5      0.00000000000000     -0.00000000000000
    0   -1    0    2    5      0.00000000000000     -0.00000000000000
    0   -1    0    3    5      0.00000000000000     -0.00000000000000
    0   -1    0    4    5      0.01409976640794     -0.00000099837380
    0   -1    0    5    5     -0.06595728379435      0.00000048417737
    0   -1    0    6    5     -0.01826582092441      0.00000097697494
    0   -1    0    1    6      0.00000000000000     -0.00000000000000
    0   -1    0    2    6      0.00000000000000     -0.00000000000000
    0   -1    0    3    6      0.00000000000000     -0.00000000000000
    0   -1    0    4    6     -0.00445547004960     -0.00000047665330
    0   -1    0    5    6     -0.02870932322127      0.00000097697494
    0   -1    0    6    6     -0.03555798526998     -0.00000218254457
    0   -1    1    1    1      0.05120849926296     -0.00000000000604
    0   -1    1    2    1     -0.01110132495708      0.00000000003342
    0   -1    1    3    1     -0.17307637131095      0.00000000001452
    0   -1    1    4    1      0.00000000000000     -0.00000000000000
    0   -1    1    5    1      0.00000000000000     -0.00000000000000
    0   -1    1    6    1      0.00000000000000     -0.00000000000000
    0   -1    1    1    2     -0.03146616328355      0.00000000003342
    0   -1    1    2    2     -0.01126236465908      0.00000000004073
    0   -1    1    3    2      0.06800193545345     -0.00000000001065
    0   -1    1    4    2      0.00000000000000     -0.00000000000000
    0   -1    1    5    2      0.00000000000000     -0.00000000000000
    0   -1    1    6    2      0.00000000000000     -0.00000000000000
    0   -1    1    1    3      0.07802533324107      0.00000000001452
    0   -1    1    2    3     -0.02910436058649     -0.00000000001065
    0   -1    1    3    3     -0.00101229009147      0.00000000005939
    0   -1    1    4    3      0.00000000000000     -0.00000000000000
    0   -1    1    5    3      0.00000000000000     -0.00000000000000
    0   -1    1    6    3      0.00000000000000     -0.00000000000000
    0   -1    1    1    4      0.00000000000000     -0.00000000000000
    0   -1    1    2    4      0.00000000000000     -0.00000000000000
    0   -1    1    3    4      0.00000000000000     -0.00000000000000
    0   -1    1    4    4      0.05120849926296      0.00000000000604
    0   -1    1    5    4     -0.03146616328355     -0.00000000003342
    0   -1    1    6    4      0.07802533324107     -0.00000000001452
    0   -1    1    1    5      0.00000000000000     -0.00000000000000
    0   -1    1    2    5      0.00000000000000     -0.00000000000000
    0   -1    1    3    5      0.00000000000000     -0.00000000000000
    0   -1    1    4    5     -0.01110132495708     -0.00000000003342
    0   -1    1    5    5     -0.01126236465908     -0.00000000004073
    0   -1    1    6    5     -0.02910436058649      0.00000000001065
    0   -1    1    1    6      0.00000000000000     -0.00000000000000
    0   -1    1    2    6      0.00000000000000     -0.00000000000000
    0   -1    1    3    6      0.00000000000000     -0.00000000000000
    0   -1    1    4    6     -0.17307637131095     -0.00000000001452
    0   -1    1    5    6      0.06800193545345      0.00000000001065
    0   -1    1    6    6     -0.00101229009147     -0.00000000005939
    0    0   -2    1    1      0.00000000000000     -0.00000000000000
    0    0   -2    2    1      0.00000000000000     -0.00000000000000
    0    0   -2    3    1      0.00000000000000     -0.00000000000000
    0    0   -2    4    1      0.03056080300034     -0.00000000000000
    0    0   -2    5    1      0.00601865772954     -0.00000287540457
    0    0   -2    6    1      0.00000000000000      0.00000000000000
    0    0   -2    1    2      0.00000000000000     -0.00000000000000
    0    0   -2    2    2      0.00000000000000     -0.00000000000000
    0    0   -2    3    2      0.00000000000000     -0.00000000000000
    0    0   -2    4    2      0.00601865772954      0.00000287540457
    0    0   -2    5    2     -0.01629720911079      0.00000000000000
    0    0   -2    6    2     -0.00000000000000     -0.00000000000000
    0    0   -2    1    3      0.00000000000000     -0.00000000000000
    0    0   -2    2    3      0.00000000000000     -0.00000000000000
    0    0   -2    3    3      0.00000000000000     -0.00000000000000
    0    0   -2    4    3      0.00000000000000     -0.00000000000000
    0    0   -2    5    3     -0.00000000000000      0.00000000000000
    0    0   -2    6    3     -0.01235340067749      0.00000000000000
    0    0   -2    1    4      0.00000000000000     -0.00000000000000
    0    0   -2    2    4      0.00000000000000     -0.00000000000000
    0    0   -2    3    4      0.00000000000000     -0.00000000000000
    0    0   -2    4    4      0.00000000000000     -0.00000000000000
    0    0   -2    5    4      0.00000000000000     -0.00000000000000
    0    0   -2    6    4      0.00000000000000     -0.00000000000000
    0    0   -2    1    5      0.00000000000000     -0.00000000000000
    0    0   -2    2    5      0.00000000000000     -0.00000000000000
    0    0   -2    3    5      0.00000000000000     -0.00000000000000
    0    0   -2    4    5      0.00000000000000     -0.00000000000000
    0    0   -2    5    5      0.00000000000000     -0.00000000000000
    0    0   -2    6    5      0.00000000000000     -0.00000000000000
    0    0   -2    1    6      0.00000000000000     -0.00000000000000
    0    0   -2    2    6      0.00000000000000     -0.00000000000000
    0    0   -2    3    6      0.00000000000000     -0.00000000000000
    0    0   -2    4    6      0.00000000000000     -0.00000000000000
    0    0   -2    5    6      0.00000000000000     -0.00000000000000
    0    0   -2    6    6      0.00000000000000     -0.00000000000000
    0    0   -1    1    1     -0.06444550043278      0.00000161761250
    0    0   -1    2    1     -0.00708116692419     -0.00000175627380
    0    0   -1    3    1     -0.00000000213087      0.00000000000000
    0    0   -1    4    1      0.86729058189627     -0.00000000000000
    0    0   -1    5    1     -2.63881336610611      0.00000154284155
    0    0   -1    6    1      0.00000000000000      0.00000000000000
    0    0   -1    1    2     -0.02864417977815     -0.00000175627380
    0    0   -1    2    2     -0.05644692739316     -0.00000003940604
    0    0   -1    3    2     -0.00000000150429      0.00000000000000
    0    0   -1    4    2     -2.63881336610611     -0.00000154284155
    0    0   -1    5    2      2.18212375142398     -0.00000000000000
    0    0   -1    6    2      0.00000000000000      0.00000000000000
    0    0   -1    1    3     -0.00000000794914     -0.00000000000000
    0    0   -1    2    3     -0.00000000594570     -0.00000000000000
    0    0   -1    3    3     -0.01684572452741      0.00000242178120
    0    0   -1    4    3     -0.00000000000000     -0.00000000000000
    0    0   -1    5    3      0.00000000000000     -0.00000000000000
    0    0   -1    6    3     -1.15324586999481      0.00000000000000
    0    0   -1    1    4      0.00000000000000     -0.00000000000000
    0    0   -1    2    4      0.00000000000000     -0.00000000000000
    0    0   -1    3    4      0.00000000000000     -0.00000000000000
    0    0   -1    4    4     -0.06444550043278     -0.00000161761250
    0    0   -1    5    4     -0.02864417977815      0.00000175627380
    0    0   -1    6    4     -0.00000000794914      0.00000000000000
    0    0   -1    1    5      0.00000000000000     -0.00000000000000
    0    0   -1    2    5      0.00000000000000     -0.00000000000000
    0    0   -1    3    5      0.00000000000000     -0.00000000000000
    0    0   -1    4    5     -0.00708116692419      0.00000175627380
    0    0   -1    5    5     -0.05644692739316      0.00000003940604
    0    0   -1    6    5     -0.00000000594570      0.00000000000000
    0    0   -1    1    6      0.00000000000000     -0.00000000000000
    0    0   -1    2    6      0.00000000000000     -0.00000000000000
    0    0   -1    3    6      0.00000000000000     -0.00000000000000
    0    0   -1    4    6     -0.00000000213087     -0.00000000000000
    0    0   -1    5    6     -0.00000000150429     -0.00000000000000
    0    0   -1    6    6     -0.01684572452741     -0.00000242178120
    0    0    0    1    1      1.14469600000000      0.00000000000000
    0    0    0    2    1     -0.00374400000000      0.00000000000000
    0    0    0    3    1      0.00000000000000      0.00000000000000
    0    0    0    4    1      0.00813997732790     -0.00000000000000
    0    0    0    5    1      0.00919197439780      0.00000000000000
    0    0    0    6    1      0.00000000000000     -0.00000000000000
    0    0    0    1    2     -0.00374400000000      0.00000000000000
    0    0    0    2    2      1.13772200000000      0.00000000000000
    0    0    0    3    2      0.00000000000000      0.00000000000000
    0    0    0    4    2      0.00919197439780     -0.00000000000000
    0    0    0    5    2      0.03205991070425     -0.00000000000000
    0    0    0    6    2     -0.00000000000000     -0.00000000000000
    0    0    0    1    3      0.00000000000000      0.00000000000000
    0    0    0    2    3      0.00000000000000      0.00000000000000
    0    0    0    3    3      1.14856600000000      0.00000000000000
    0    0    0    4    3      0.00000000000000      0.00000000000000
    0    0    0    5    3     -0.00000000000000      0.00000000000000
    0    0    0    6    3      0.00488998638003     -0.00000000000000
    0    0    0    1    4      0.00813997732790      0.00000000000000
    0    0    0    2    4      0.00919197439780      0.00000000000000
    0    0    0    3    4      0.00000000000000     -0.00000000000000
    0    0    0    4    4      1.14469600000000      0.00000000000000
    0    0    0    5    4     -0.00374400000000      0.00000000000000
    0    0    0    6    4      0.00000000000000      0.00000000000000
    0    0    0    1    5      0.00919197439780     -0.00000000000000
    0    0    0    2    5      0.03205991070425      0.00000000000000
    0    0    0    3    5     -0.00000000000000     -0.00000000000000
    0    0    0    4    5     -0.00374400000000      0.00000000000000
    0    0    0    5    5      1.13772200000000      0.00000000000000
    0    0    0    6    5      0.00000000000000      0.00000000000000
    0    0    0    1    6      0.00000000000000      0.00000000000000
    0    0    0    2    6     -0.00000000000000      0.00000000000000
    0    0    0    3    6      0.00488998638003      0.00000000000000
    0    0    0    4    6      0.00000000000000      0.00000000000000
    0    0    0    5    6      0.00000000000000      0.00000000000000
    0    0    0    6    6      1.14856600000000      0.00000000000000
    0    0    1    1    1     -0.06444550043278     -0.00000161761250
    0    0    1    2    1     -0.02864417977815      0.00000175627380
    0    0    1    3    1     -0.00000000794914      0.00000000000000
    0    0    1    4    1      0.00000000000000      0.00000000000000
    0    0    1    5    1      0.00000000000000      0.00000000000000
    0    0    1    6    1      0.00000000000000      0.00000000000000
    0    0    1    1    2     -0.00708116692419      0.00000175627380
    0    0    1    2    2     -0.05644692739316      0.00000003940604
    0    0    1    3    2     -0.00000000594570      0.00000000000000
    0    0    1    4    2      0.00000000000000      0.00000000000000
    0    0    1    5    2      0.00000000000000      0.00000000000000
    0    0    1    6    2      0.00000000000000      0.00000000000000
    0    0    1    1    3     -0.00000000213087     -0.00000000000000
    0    0    1    2    3     -0.00000000150429     -0.00000000000000
    0    0    1    3    3     -0.01684572452741     -0.00000242178120
    0    0    1    4    3      0.00000000000000      0.00000000000000
    0    0    1    5    3      0.00000000000000      0.00000000000000
    0    0    1    6    3      0.00000000000000      0.00000000000000
    0    0    1    1    4      0.86729058189627      0.00000000000000
    0    0    1    2    4     -2.63881336610611      0.00000154284155
    0    0    1    3    4     -0.00000000000000      0.00000000000000
    0    0    1    4    4     -0.06444550043278      0.00000161761250
    0    0    1    5    4     -0.00708116692419     -0.00000175627380
    0    0    1    6    4     -0.00000000213087      0.00000000000000
    0    0    1    1    5     -2.63881336610611     -0.00000154284155
    0    0    1    2    5      2.18212375142398      0.00000000000000
    0    0    1    3    5      0.00000000000000      0.00000000000000
    0    0    1    4    5     -0.02864417977815     -0.00000175627380
    0    0    1    5    5     -0.05644692739316     -0.00000003940604
    0    0    1    6    5     -0.00000000150429      0.00000000000000
    0    0    1    1    6      0.00000000000000     -0.00000000000000
    0    0    1    2    6      0.00000000000000     -0.00000000000000
    0    0    1    3    6     -1.15324586999481     -0.00000000000000
    0    0    1    4    6     -0.00000000794914     -0.00000000000000
    0    0    1    5    6     -0.00000000594570     -0.00000000000000
    0    0    1    6    6     -0.01684572452741      0.00000242178120
    0    0    2    1    1      0.00000000000000      0.00000000000000
    0    0    2    2    1      0.00000000000000      0.00000000000000
    0    0    2    3    1      0.00000000000000      0.00000000000000
    0    0    2    4    1      0.00000000000000      0.00000000000000
    0    0    2    5    1      0.00000000000000      0.00000000000000
    0    0    2    6    1      0.00000000000000      0.00000000000000
    0    0    2    1    2      0.00000000000000      0.00000000000000
    0    0    2    2    2      0.00000000000000      0.00000000000000
    0    0    2    3    2      0.00000000000000      0.00000000000000
    0    0    2    4    2      0.00000000000000      0.00000000000000
    0    0    2    5    2      0.00000000000000      0.00000000000000
    0    0    2    6    2      0.00000000000000      0.00000000000000
    0    0    2    1    3      0.00000000000000      0.00000000000000
    0    0    2    2    3      0.00000000000000      0.00000000000000
    0    0    2    3    3      0.00000000000000      0.00000000000000
    0    0    2    4    3      0.00000000000000      0.00000000000000
    0    0    2    5    3      0.00000000000000      0.00000000000000
    0    0    2    6    3      0.00000000000000      0.00000000000000
    0    0    2    1    4      0.03056080300034      0.00000000000000
    0    0    2    2    4      0.00601865772954     -0.00000287540457
    0    0    2    3    4      0.00000000000000      0.00000000000000
    0    0    2    4    4      0.00000000000000      0.00000000000000
    0    0    2    5    4      0.00000000000000      0.00000000000000
    0    0    2    6    4      0.00000000000000      0.00000000000000
    0    0    2    1    5      0.00601865772954      0.00000287540457
    0    0    2    2    5     -0.01629720911079     -0.00000000000000
    0    0    2    3    5     -0.00000000000000     -0.00000000000000
    0    0    2    4    5      0.00000000000000      0.00000000000000
    0    0    2    5    5      0.00000000000000      0.00000000000000
    0    0    2    6    5      0.00000000000000      0.00000000000000
    0    0    2    1    6      0.00000000000000     -0.00000000000000
    0    0    2    2    6     -0.00000000000000      0.00000000000000
    0    0    2    3    6     -0.01235340067749     -0.00000000000000
    0    0    2    4    6      0.00000000000000      0.00000000000000
    0    0    2    5    6      0.00000000000000      0.00000000000000
    0    0    2    6    6      0.00000000000000      0.00000000000000
    0    1   -1    1    1      0.05120849926296      0.00000000000604
    0    1   -1    2    1     -0.03146616328355     -0.00000000003342
    0    1   -1    3    1      0.07802533324107     -0.00000000001452
    0    1   -1    4    1      0.00000000000000      0.00000000000000
    0    1   -1    5    1      0.00000000000000      0.00000000000000
    0    1   -1    6    1      0.00000000000000      0.00000000000000
    0    1   -1    1    2     -0.01110132495708     -0.00000000003342
    0    1   -1    2    2     -0.01126236465908     -0.00000000004073
    0    1   -1    3    2     -0.02910436058649      0.00000000001065
    0    1   -1    4    2      0.00000000000000      0.00000000000000
    0    1   -1    5    2      0.00000000000000      0.00000000000000
    0    1   -1    6    2      0.00000000000000      0.00000000000000
    0    1   -1    1    3     -0.17307637131095     -0.00000000001452
    0    1   -1    2    3      0.06800193545345      0.00000000001065
    0    1   -1    3    3     -0.00101229009147     -0.00000000005939
    0    1   -1    4    3      0.00000000000000      0.00000000000000
    0    1   -1    5    3      0.00000000000000      0.00000000000000
    0    1   -1    6    3      0.00000000000000      0.00000000000000
    0    1   -1    1    4      0.00000000000000      0.00000000000000
    0    1   -1    2    4      0.00000000000000      0.00000000000000
    0    1   -1    3    4      0.00000000000000      0.00000000000000
    0    1   -1    4    4      0.05120849926296     -0.00000000000604
    0    1   -1    5    4     -0.01110132495708      0.00000000003342
    0    1   -1    6    4     -0.17307637131095      0.00000000001452
    0    1   -1    1    5      0.00000000000000      0.00000000000000
    0    1   -1    2    5      0.00000000000000      0.00000000000000
    0    1   -1    3    5      0.00000000000000      0.00000000000000
    0    1   -1    4    5     -0.03146616328355      0.00000000003342
    0    1   -1    5    5     -0.01126236465908      0.00000000004073
    0    1   -1    6    5      0.06800193545345     -0.00000000001065
    0    1   -1    1    6      0.00000000000000      0.00000000000000
    0    1   -1    2    6      0.00000000000000      0.00000000000000
    0    1   -1    3    6      0.00000000000000      0.00000000000000
    0    1   -1    4    6      0.07802533324107      0.00000000001452
    0    1   -1    5    6     -0.02910436058649     -0.00000000001065
    0    1   -1    6    6     -0.00101229009147      0.00000000005939
    0    1    0    1    1     -0.03622288328903     -0.00000230162046
    0    1    0    2    1     -0.00240519598514     -0.00000099837380
    0    1    0    3    1     -0.01359237321855     -0.00000047665330
    0    1    0    4    1      0.00000000000000      0.00000000000000
    0    1    0    5    1      0.00000000000000      0.00000000000000
    0    1    0    6    1      0.00000000000000      0.00000000000000
    0    1    0    1    2      0.01409976640794     -0.00000099837380
    0    1    0    2    2     -0.06595728379435      0.00000048417737
    0    1    0    3    2     -0.01826582092441      0.00000097697494
    0    1    0    4    2      0.00000000000000      0.00000000000000
    0    1    0    5    2      0.00000000000000      0.00000000000000
    0    1    0    6    2      0.00000000000000      0.00000000000000
    0    1    0    1    3     -0.00445547004960     -0.00000047665330
    0    1    0    2    3     -0.02870932322127      0.00000097697494
    0    1    0    3    3     -0.03555798526998     -0.00000218254457
    0    1    0    4    3      0.00000000000000      0.00000000000000
    0    1    0    5    3      0.00000000000000      0.00000000000000
    0    1    0    6    3      0.00000000000000      0.00000000000000
    0    1    0    1    4      0.18584518267923      0.00000000000000
    0    1    0    2    4      1.16898545157770      0.00000000041646
    0    1    0    3    4     -2.03460126102344     -0.00000116258886
    0    1    0    4    4     -0.03622288328903      0.00000230162046
    0    1    0    5    4      0.01409976640794      0.00000099837380
    0    1    0    6    4     -0.00445547004960      0.00000047665330
    0    1    0    1    5      1.16898545157770     -0.00000000041646
    0    1    0    2    5     -0.13275740735971     -0.00000000000000
    0    1    0    3    5     -1.77611050902863     -0.00000101427168
    0    1    0    4    5     -0.00240519598514      0.00000099837380
    0    1    0    5    5     -0.06595728379435     -0.00000048417737
    0    1    0    6    5     -0.02870932322127     -0.00000097697494
    0    1    0    1    6     -2.03460126102344      0.00000116258886
    0    1    0    2    6     -1.77611050902863      0.00000101427168
    0    1    0    3    6      1.84308068800592      0.00000000000000
    0    1    0    4    6     -0.01359237321855      0.00000047665330
    0    1    0    5    6     -0.01826582092441     -0.00000097697494
    0    1    0    6    6     -0.03555798526998      0.00000218254457
    0    1    1    1    1      0.00000000000000      0.00000000000000
    0    1    1    2    1      0.00000000000000      0.00000000000000
    0    1    1    3    1      0.00000000000000      0.00000000000000
    0    1    1    4    1      0.00000000000000      0.00000000000000
    0    1    1    5    1      0.00000000000000      0.00000000000000
    0    1    1    6    1      0.00000000000000      0.00000000000000
    0    1    1    1    2      0.00000000000000      0.00000000000000
    0    1    1    2    2      0.00000000000000      0.00000000000000
    0    1    1    3    2      0.00000000000000      0.00000000000000
    0    1    1    4    2      0.00000000000000      0.00000000000000
    0    1    1    5    2      0.00000000000000      0.00000000000000
    0    1    1    6    2      0.00000000000000      0.00000000000000
    0    1    1    1    3      0.00000000000000      0.00000000000000
    0    1    1    2    3      0.00000000000000      0.00000000000000
    0    1    1    3    3      0.00000000000000      0.00000000000000
    0    1    1    4    3      0.00000000000000      0.00000000000000
    0    1    1    5    3      0.00000000000000      0.00000000000000
    0    1    1    6    3      0.00000000000000      0.00000000000000
    0    1    1    1    4      0.55735473614738      0.00000000000000
    0    1    1    2    4      0.89052856967750     -0.00000034245090
    0    1    1    3    4      1.66487746311999     -0.00000008935860
    0    1    1    4    4      0.00000000000000      0.00000000000000
    0    1    1    5    4      0.00000000000000      0.00000000000000
    0    1    1    6    4      0.00000000000000      0.00000000000000
    0    1    1    1    5      0.89052856967750      0.00000034245090
    0    1    1    2    5     -0.02660111380718     -0.00000000000000
    0    1    1    3    5      1.17784818178552      0.00000038301686
    0    1    1    4    5      0.00000000000000      0.00000000000000
    0    1    1    5    5      0.00000000000000      0.00000000000000
    0    1    1    6    5      0.00000000000000      0.00000000000000
    0    1    1    1    6      1.66487746311999      0.00000008935860
    0    1    1    2    6      1.17784818178552     -0.00000038301686
    0    1    1    3    6      1.44601029966533      0.00000000000000
    0    1    1    4    6      0.00000000000000      0.00000000000000
    0    1    1    5    6      0.00000000000000      0.00000000000000
    0    1    1    6    6      0.00000000000000      0.00000000000000
    0    2    0    1    1      0.00000000000000      0.00000000000000
    0    2    0    2    1      0.00000000000000      0.00000000000000
    0    2    0    3    1      0.00000000000000      0.00000000000000
    0    2    0    4    1      0.00000000000000      0.00000000000000
    0    2    0    5    1      0.00000000000000      0.00000000000000
    0    2    0    6    1      0.00000000000000      0.00000000000000
    0    2    0    1    2      0.00000000000000      0.00000000000000
    0    2    0    2    2      0.00000000000000      0.00000000000000
    0    2    0    3    2      0.00000000000000      0.00000000000000
    0    2    0    4    2      0.00000000000000      0.00000000000000
    0    2    0    5    2      0.00000000000000      0.00000000000000
    0    2    0    6    2      0.00000000000000      0.00000000000000
    0    2    0    1    3      0.00000000000000      0.00000000000000
    0    2    0    2    3      0.00000000000000      0.00000000000000
    0    2    0    3    3      0.00000000000000      0.00000000000000
    0    2    0    4    3      0.00000000000000      0.00000000000000
    0    2    0    5    3      0.00000000000000      0.00000000000000
    0    2    0    6    3      0.00000000000000      0.00000000000000
    0    2    0    1    4     -0.00541973710739     -0.00000000000000
    0    2    0    2    4     -0.00861602029600      0.00000017988599
    0    2    0    3    4     -0.01459333620492     -0.00000160809984
    0    2    0    4    4      0.00000000000000      0.00000000000000
    0    2    0    5    4      0.00000000000000      0.00000000000000
    0    2    0    6    4      0.00000000000000      0.00000000000000
    0    2    0    1    5     -0.00861602029600     -0.00000017988599
    0    2    0    2    5     -0.00176280287533      0.00000000000000
    0    2    0    3    5      0.01917101117510      0.00000237689028
    0    2    0    4    5      0.00000000000000      0.00000000000000
    0    2    0    5    5      0.00000000000000      0.00000000000000
    0    2    0    6    5      0.00000000000000      0.00000000000000
    0    2    0    1    6     -0.01459333620492      0.00000160809984
    0    2    0    2    6      0.01917101117510     -0.00000237689028
    0    2    0    3    6      0.00909273319477      0.00000000000000
    0    2    0    4    6      0.00000000000000      0.00000000000000
    0    2    0    5    6      0.00000000000000      0.00000000000000
    0    2    0    6    6      0.00000000000000      0.00000000000000
    1   -1   -1    1    1      0.18575405919345      0.00000034326950
    1   -1   -1    2    1      0.07319612846253      0.00000032338036
    1   -1   -1    3    1      0.13949783467851      0.00000008022762
    1   -1   -1    4    1     -0.01655796530765      0.00000000000000
    1   -1   -1    5    1      0.01616996843909      0.00000199999661
    1   -1   -1    6    1      0.03129395321620      0.00000000000000
    1   -1   -1    1    2      0.07991819143548      0.00000032338036
    1   -1   -1    2    2      0.13922017907994      0.00000030464361
    1   -1   -1    3    2      0.10859221946930      0.00000007557921
    1   -1   -1    4    2      0.01616996843909     -0.00000199999661
    1   -1   -1    5    2      0.01877997925594     -0.00000000000000
    1   -1   -1    6    2     -0.00675199913800     -0.00000199999661
    1   -1   -1    1    3      0.11477156604506      0.00000008022762
    1   -1   -1    2    3      0.08152563686100      0.00000007557921
    1   -1   -1    3    3      0.23583517582054      0.00000001875049
    1   -1   -1    4    3      0.03129395321620     -0.00000000000000
    1   -1   -1    5    3     -0.00675199913800      0.00000199999661
    1   -1   -1    6    3      0.01401399674959     -0.00000000000000
    1   -1   -1    1    4      0.00000000000000      0.00000000000000
    1   -1   -1    2    4      0.00000000000000      0.00000000000000
    1   -1   -1    3    4      0.00000000000000      0.00000000000000
    1   -1   -1    4    4      0.18575405919345     -0.00000034326950
    1   -1   -1    5    4      0.07991819143548     -0.00000032338036
    1   -1   -1    6    4      0.11477156604506     -0.00000008022762
    1   -1   -1    1    5      0.00000000000000      0.00000000000000
    1   -1   -1    2    5      0.00000000000000      0.00000000000000
    1   -1   -1    3    5      0.00000000000000      0.00000000000000
    1   -1   -1    4    5      0.07319612846253     -0.00000032338036
    1   -1   -1    5    5      0.13922017907994     -0.00000030464361
    1   -1   -1    6    5      0.08152563686100     -0.00000007557921
    1   -1   -1    1    6      0.00000000000000      0.00000000000000
    1   -1   -1    2    6      0.00000000000000      0.00000000000000
    1   -1   -1    3    6      0.00000000000000      0.00000000000000
    1   -1   -1    4    6      0.13949783467851     -0.00000008022762
    1   -1   -1    5    6      0.10859221946930     -0.00000007557921
    1   -1   -1    6    6      0.23583517582054     -0.00000001875049
    1   -1    0    1    1     -0.01737052616204     -0.00000000005696
    1   -1    0    2    1     -0.00300926255346      0.00000000000000
    1   -1    0    3    1      0.05063880894117     -0.00000000000000
    1   -1    0    4    1      0.00000000000000      0.00000000000000
    1   -1    0    5    1      0.00000000000000      0.00000000000000
    1   -1    0    6    1      0.00000000000000      0.00000000000000
    1   -1    0    1    2     -0.00300926255346     -0.00000000000000
    1   -1    0    2    2     -0.03111416429388     -0.00000000005327
    1   -1    0    3    2      0.12535612578625     -0.00000000002969
    1   -1    0    4    2      0.00000000000000      0.00000000000000
    1   -1    0    5    2      0.00000000000000      0.00000000000000
    1   -1    0    6    2      0.00000000000000      0.00000000000000
    1   -1    0    1    3     -0.05063880894117     -0.00000000000000
    1   -1    0    2    3     -0.12492225824973     -0.00000000002969
    1   -1    0    3    3      0.08741853496832      0.00000000001615
    1   -1    0    4    3      0.00000000000000      0.00000000000000
    1   -1    0    5    3      0.00000000000000      0.00000000000000
    1   -1    0    6    3      0.00000000000000      0.00000000000000
    1   -1    0    1    4      0.00000000000000      0.00000000000000
    1   -1    0    2    4      0.00000000000000      0.00000000000000
    1   -1    0    3    4      0.00000000000000      0.00000000000000
    1   -1    0    4    4     -0.01737052616204      0.00000000005696
    1   -1    0    5    4     -0.00300926255346      0.00000000000000
    1   -1    0    6    4     -0.05063880894117      0.00000000000000
    1   -1    0    1    5      0.00000000000000      0.00000000000000
    1   -1    0    2    5      0.00000000000000      0.00000000000000
    1   -1    0    3    5      0.00000000000000      0.00000000000000
    1   -1    0    4    5     -0.00300926255346     -0.00000000000000
    1   -1    0    5    5     -0.03111416429388      0.00000000005327
    1   -1    0    6    5     -0.12492225824973      0.00000000002969
    1   -1    0    1    6      0.00000000000000      0.00000000000000
    1   -1    0    2    6      0.00000000000000      0.00000000000000
    1   -1    0    3    6      0.00000000000000      0.00000000000000
    1   -1    0    4    6      0.05063880894117      0.00000000000000
    1   -1    0    5    6      0.12535612578625      0.00000000002969
    1   -1    0    6    6      0.08741853496832     -0.00000000001615
    1   -1    1    1    1      0.18194499549218      0.00000034326950
    1   -1    1    2    1      0.09218770967750     -0.00000006893049
    1   -1    1    3    1     -0.12875609486094     -0.00000032597533
    1   -1    1    4    1      0.00000000000000      0.00000000000000
    1   -1    1    5    1      0.00000000000000      0.00000000000000
    1   -1    1    6    1      0.00000000000000      0.00000000000000
    1   -1    1    1    2      0.06593819737060     -0.00000006893049
    1   -1    1    2    2      0.14201743124986      0.00000001384164
    1   -1    1    3    2     -0.08520790379842      0.00000006545772
    1   -1    1    4    2      0.00000000000000      0.00000000000000
    1   -1    1    5    2      0.00000000000000      0.00000000000000
    1   -1    1    6    2      0.00000000000000      0.00000000000000
    1   -1    1    1    3     -0.11914876319317     -0.00000032597533
    1   -1    1    2    3     -0.10986224757621      0.00000006545772
    1   -1    1    3    3      0.23684698735189      0.00000030955246
    1   -1    1    4    3      0.00000000000000      0.00000000000000
    1   -1    1    5    3      0.00000000000000      0.00000000000000
    1   -1    1    6    3      0.00000000000000      0.00000000000000
    1   -1    1    1    4     -0.01693377723283      0.00000000000000
    1   -1    1    2    4      0.01707182543572      0.00000048379926
    1   -1    1    3    4     -0.02854916202297     -0.00000031624170
    1   -1    1    4    4      0.18194499549218     -0.00000034326950
    1   -1    1    5    4      0.06593819737060      0.00000006893049
    1   -1    1    6    4     -0.11914876319317      0.00000032597533
    1   -1    1    1    5      0.01707182543572     -0.00000048379926
    1   -1    1    2    5      0.02261731427678     -0.00000000000000
    1   -1    1    3    5      0.01023840247346      0.00000020405462
    1   -1    1    4    5      0.09218770967750      0.00000006893049
    1   -1    1    5    5      0.14201743124986     -0.00000001384164
    1   -1    1    6    5     -0.10986224757621     -0.00000006545772
    1   -1    1    1    6     -0.02854916202297      0.00000031624170
    1   -1    1    2    6      0.01023840247346     -0.00000020405462
    1   -1    1    3    6      0.01051247372175      0.00000000000000
    1   -1    1    4    6     -0.12875609486094      0.00000032597533
    1   -1    1    5    6     -0.08520790379842     -0.00000006545772
    1   -1    1    6    6      0.23684698735189     -0.00000030955246
    1    0   -1    1    1      0.05287438252316      0.00000000000604
    1    0   -1    2    1     -0.11003513886194     -0.00000000003342
    1    0   -1    3    1     -0.02297638929927      0.00000000001452
    1    0   -1    4    1      0.00000000000000      0.00000000000000
    1    0   -1    5    1      0.00000000000000      0.00000000000000
    1    0   -1    6    1      0.00000000000000      0.00000000000000
    1    0   -1    1    2      0.06658966630602     -0.00000000003342
    1    0   -1    2    2     -0.01658263361963     -0.00000000004073
    1    0   -1    3    2      0.05491250905104     -0.00000000001065
    1    0   -1    4    2      0.00000000000000      0.00000000000000
    1    0   -1    5    2      0.00000000000000      0.00000000000000
    1    0   -1    6    2      0.00000000000000      0.00000000000000
    1    0   -1    1    3      0.11207328696061      0.00000000001452
    1    0   -1    2    3     -0.09825957894500     -0.00000000001065
    1    0   -1    3    3      0.00264209560888     -0.00000000005939
    1    0   -1    4    3      0.00000000000000      0.00000000000000
    1    0   -1    5    3      0.00000000000000      0.00000000000000
    1    0   -1    6    3      0.00000000000000      0.00000000000000
    1    0   -1    1    4      0.00000000000000      0.00000000000000
    1    0   -1    2    4      0.00000000000000      0.00000000000000
    1    0   -1    3    4      0.00000000000000      0.00000000000000
    1    0   -1    4    4      0.05287438252316     -0.00000000000604
    1    0   -1    5    4      0.06658966630602      0.00000000003342
    1    0   -1    6    4      0.11207328696061     -0.00000000001452
    1    0   -1    1    5      0.00000000000000      0.00000000000000
    1    0   -1    2    5      0.00000000000000      0.00000000000000
    1    0   -1    3    5      0.00000000000000      0.00000000000000
    1    0   -1    4    5     -0.11003513886194      0.00000000003342
    1    0   -1    5    5     -0.01658263361963      0.00000000004073
    1    0   -1    6    5     -0.09825957894500      0.00000000001065
    1    0   -1    1    6      0.00000000000000      0.00000000000000
    1    0   -1    2    6      0.00000000000000      0.00000000000000
    1    0   -1    3    6      0.00000000000000      0.00000000000000
    1    0   -1    4    6     -0.02297638929927     -0.00000000001452
    1    0   -1    5    6      0.05491250905104      0.00000000001065
    1    0   -1    6    6      0.00264209560888      0.00000000005939
    1    0    0    1    1     -0.03622288345382     -0.00000230162046
    1    0    0    2    1     -0.00240519824408     -0.00000099837380
    1    0    0    3    1      0.01359237435107      0.00000047665330
    1    0    0    4    1      0.00000000000000      0.00000000000000
    1    0    0    5    1      0.00000000000000      0.00000000000000
    1    0    0    6    1      0.00000000000000      0.00000000000000
    1    0    0    1    2      0.01409975794582     -0.00000099837380
    1    0    0    2    2     -0.06595729304792      0.00000048417737
    1    0    0    3    2      0.01826580876954     -0.00000097697494
    1    0    0    4    2      0.00000000000000      0.00000000000000
    1    0    0    5    2      0.00000000000000      0.00000000000000
    1    0    0    6    2      0.00000000000000      0.00000000000000
    1    0    0    1    3      0.00445547461610      0.00000047665330
    1    0    0    2    3      0.02870932387429     -0.00000097697494
    1    0    0    3    3     -0.03555797585161     -0.00000218254457
    1    0    0    4    3      0.00000000000000      0.00000000000000
    1    0    0    5    3      0.00000000000000      0.00000000000000
    1    0    0    6    3      0.00000000000000      0.00000000000000
    1    0    0    1    4      0.18584518267923     -0.00000000000000
    1    0    0    2    4      1.16898545157770      0.00000000041646
    1    0    0    3    4      2.03460126102344      0.00000116258886
    1    0    0    4    4     -0.03622288345382      0.00000230162046
    1    0    0    5    4      0.01409975794582      0.00000099837380
    1    0    0    6    4      0.00445547461610     -0.00000047665330
    1    0    0    1    5      1.16898545157770     -0.00000000041646
    1    0    0    2    5     -0.13275740735971      0.00000000000000
    1    0    0    3    5      1.77611050902863      0.00000101427168
    1    0    0    4    5     -0.00240519824408      0.00000099837380
    1    0    0    5    5     -0.06595729304792     -0.00000048417737
    1    0    0    6    5      0.02870932387429      0.00000097697494
    1    0    0    1    6      2.03460126102344     -0.00000116258886
    1    0    0    2    6      1.77611050902863     -0.00000101427168
    1    0    0    3    6      1.84308068800592     -0.00000000000000
    1    0    0    4    6      0.01359237435107     -0.00000047665330
    1    0    0    5    6      0.01826580876954      0.00000097697494
    1    0    0    6    6     -0.03555797585161      0.00000218254457
    1    0    1    1    1      0.00000000000000      0.00000000000000
    1    0    1    2    1      0.00000000000000      0.00000000000000
    1    0    1    3    1      0.00000000000000      0.00000000000000
    1    0    1    4    1      0.00000000000000      0.00000000000000
    1    0    1    5    1      0.00000000000000      0.00000000000000
    1    0    1    6    1      0.00000000000000      0.00000000000000
    1    0    1    1    2      0.00000000000000      0.00000000000000
    1    0    1    2    2      0.00000000000000      0.00000000000000
    1    0    1    3    2      0.00000000000000      0.00000000000000
    1    0    1    4    2      0.00000000000000      0.00000000000000
    1    0    1    5    2      0.00000000000000      0.00000000000000
    1    0    1    6    2      0.00000000000000      0.00000000000000
    1    0    1    1    3      0.00000000000000      0.00000000000000
    1    0    1    2    3      0.00000000000000      0.00000000000000
    1    0    1    3    3      0.00000000000000      0.00000000000000
    1    0    1    4    3      0.00000000000000      0.00000000000000
    1    0    1    5    3      0.00000000000000      0.00000000000000
    1    0    1    6    3      0.00000000000000      0.00000000000000
    1    0    1    1    4      0.55735473614737      0.00000000000000
    1    0    1    2    4      0.89052856967750     -0.00000034245090
    1    0    1    3    4     -1.66487746311999      0.00000008935860
    1    0    1    4    4      0.00000000000000      0.00000000000000
    1    0    1    5    4      0.00000000000000      0.00000000000000
    1    0    1    6    4      0.00000000000000      0.00000000000000
    1    0    1    1    5      0.89052856967750      0.00000034245090
    1    0    1    2    5     -0.02660111380718     -0.00000000000000
    1    0    1    3    5     -1.17784818178552     -0.00000038301686
    1    0    1    4    5      0.00000000000000      0.00000000000000
    1    0    1    5    5      0.00000000000000      0.00000000000000
    1    0    1    6    5      0.00000000000000      0.00000000000000
    1    0    1    1    6     -1.66487746311999     -0.00000008935860
    1    0    1    2    6     -1.17784818178552      0.00000038301686
    1    0    1    3    6      1.44601029966533      0.00000000000000
    1    0    1    4    6      0.00000000000000      0.00000000000000
    1    0    1    5    6      0.00000000000000      0.00000000000000
    1    0    1    6    6      0.00000000000000      0.00000000000000
    1    1   -1    1    1      0.18589680661837     -0.00000000000000
    1    1   -1    2    1     -0.13105430784264      0.00000000000000
    1    1   -1    3    1      0.00211248417295     -0.00000000000000
    1    1   -1    4    1      0.00000000000000      0.00000000000000
    1    1   -1    5    1      0.00000000000000      0.00000000000000
    1    1   -1    6    1      0.00000000000000      0.00000000000000
    1    1   -1    1    2     -0.16822305617888     -0.00000000000000
    1    1   -1    2    2      0.29232256824425      0.00000066666359
    1    1   -1    3    2     -0.00310206419521     -0.00000000000000
    1    1   -1    4    2      0.00000000000000      0.00000000000000
    1    1   -1    5    2      0.00000000000000      0.00000000000000
    1    1   -1    6    2      0.00000000000000      0.00000000000000
    1    1   -1    1    3      0.00053246217849      0.00000000000000
    1    1   -1    2    3     -0.00083004684220      0.00000000000000
    1    1   -1    3    3      0.08259003923132      0.00000000000000
    1    1   -1    4    3      0.00000000000000      0.00000000000000
    1    1   -1    5    3      0.00000000000000      0.00000000000000
    1    1   -1    6    3      0.00000000000000      0.00000000000000
    1    1   -1    1    4      0.02821418729412     -0.00000000000000
    1    1   -1    2    4     -0.00007539249523      0.00000031214442
    1    1   -1    3    4      0.00002087155547      0.00000016463923
    1    1   -1    4    4      0.18589680661837      0.00000000000000
    1    1   -1    5    4     -0.16822305617888      0.00000000000000
    1    1   -1    6    4      0.00053246217849     -0.00000000000000
    1    1   -1    1    5     -0.00007539249523     -0.00000031214442
    1    1   -1    2    5      0.02904360768388      0.00000000000000
    1    1   -1    3    5      0.00170403469998      0.00000050116725
    1    1   -1    4    5     -0.13105430784264     -0.00000000000000
    1    1   -1    5    5      0.29232256824425     -0.00000066666359
    1    1   -1    6    5     -0.00083004684220     -0.00000000000000
    1    1   -1    1    6      0.00002087155547     -0.00000016463923
    1    1   -1    2    6      0.00170403469998     -0.00000050116725
    1    1   -1    3    6     -0.04106178421229     -0.00000000000000
    1    1   -1    4    6      0.00211248417295      0.00000000000000
    1    1   -1    5    6     -0.00310206419521      0.00000000000000
    1    1   -1    6    6      0.08259003923132     -0.00000000000000
    1    1    0    1    1      0.00000000000000      0.00000000000000
    1    1    0    2    1      0.00000000000000      0.00000000000000
    1    1    0    3    1      0.00000000000000      0.00000000000000
    1    1    0    4    1      0.00000000000000      0.00000000000000
    1    1    0    5    1      0.00000000000000      0.00000000000000
    1    1    0    6    1      0.00000000000000      0.00000000000000
    1    1    0    1    2      0.00000000000000      0.00000000000000
    1    1    0    2    2      0.00000000000000      0.00000000000000
    1    1    0    3    2      0.00000000000000      0.00000000000000
    1    1    0    4    2      0.00000000000000      0.00000000000000
    1    1    0    5    2      0.00000000000000      0.00000000000000
    1    1    0    6    2      0.00000000000000      0.00000000000000
    1    1    0    1    3      0.00000000000000      0.00000000000000
    1    1    0    2    3      0.00000000000000      0.00000000000000
    1    1    0    3    3      0.00000000000000      0.00000000000000
    1    1    0    4    3      0.00000000000000      0.00000000000000
    1    1    0    5    3      0.00000000000000      0.00000000000000
    1    1    0    6    3      0.00000000000000      0.00000000000000
    1    1    0    1    4      1.09787789589701     -0.00000000000000
    1    1    0    2    4     -2.00131957423332     -0.00000052149736
    1    1    0    3    4      0.00000000000000      0.00000000000000
    1    1    0    4    4      0.00000000000000      0.00000000000000
    1    1    0    5    4      0.00000000000000      0.00000000000000
    1    1    0    6    4      0.00000000000000      0.00000000000000
    1    1    0    1    5     -2.00131957423332      0.00000052149736
    1    1    0    2    5      1.60231667636459      0.00000000000000
    1    1    0    3    5      0.00000000000000     -0.00000000000000
    1    1    0    4    5      0.00000000000000      0.00000000000000
    1    1    0    5    5      0.00000000000000      0.00000000000000
    1    1    0    6    5      0.00000000000000      0.00000000000000
    1    1    0    1    6      0.00000000000000     -0.00000000000000
    1    1    0    2    6     -0.00000000000000      0.00000000000000
    1    1    0    3    6     -0.72343065025608      0.00000000000000
    1    1    0    4    6      0.00000000000000      0.00000000000000
    1    1    0    5    6      0.00000000000000      0.00000000000000
    1    1    0    6    6      0.00000000000000      0.00000000000000
    1    1    1    1    1      0.00000000000000      0.00000000000000
    1    1    1    2    1      0.00000000000000      0.00000000000000
    1    1    1    3    1      0.00000000000000      0.00000000000000
    1    1    1    4    1      0.00000000000000      0.00000000000000
    1    1    1    5    1      0.00000000000000      0.00000000000000
    1    1    1    6    1      0.00000000000000      0.00000000000000
    1    1    1    1    2      0.00000000000000      0.00000000000000
    1    1    1    2    2      0.00000000000000      0.00000000000000
    1    1    1    3    2      0.00000000000000      0.00000000000000
    1    1    1    4    2      0.00000000000000      0.00000000000000
    1    1    1    5    2      0.00000000000000      0.00000000000000
    1    1    1    6    2      0.00000000000000      0.00000000000000
    1    1    1    1    3      0.00000000000000      0.00000000000000
    1    1    1    2    3      0.00000000000000      0.00000000000000
    1    1    1    3    3      0.00000000000000      0.00000000000000
    1    1    1    4    3      0.00000000000000      0.00000000000000
    1    1    1    5    3      0.00000000000000      0.00000000000000
    1    1    1    6    3      0.00000000000000      0.00000000000000
    1    1    1    1    4     -0.01680196938247     -0.00000000000000
    1    1    1    2    4      0.01527798961403      0.00000000000021
    1    1    1    3    4      0.00000000104213      0.00000000000026
    1    1    1    4    4      0.00000000000000      0.00000000000000
    1    1    1    5    4      0.00000000000000      0.00000000000000
    1    1    1    6    4      0.00000000000000      0.00000000000000
    1    1    1    1    5      0.01527798961403     -0.00000000000021
    1    1    1    2    5      0.02328800334488      0.00000000000000
    1    1    1    3    5     -0.00000000046203     -0.00000000000023
    1    1    1    4    5      0.00000000000000      0.00000000000000
    1    1    1    5    5      0.00000000000000      0.00000000000000
    1    1    1    6    5      0.00000000000000      0.00000000000000
    1    1    1    1    6      0.00000000104213     -0.00000000000026
    1    1    1    2    6     -0.00000000046203      0.00000000000023
    1    1    1    3    6     -0.02197401276829     -0.00000000000000
    1    1    1    4    6      0.00000000000000      0.00000000000000
    1    1    1    5    6      0.00000000000000      0.00000000000000
    1    1    1    6    6      0.00000000000000      0.00000000000000
    2    0    0    1    1      0.00000000000000      0.00000000000000
    2    0    0    2    1      0.00000000000000      0.00000000000000
    2    0    0    3    1      0.00000000000000      0.00000000000000
    2    0    0    4    1      0.00000000000000      0.00000000000000
    2    0    0    5    1      0.00000000000000      0.00000000000000
    2    0    0    6    1      0.00000000000000      0.00000000000000
    2    0    0    1    2      0.00000000000000      0.00000000000000
    2    0    0    2    2      0.00000000000000      0.00000000000000
    2    0    0    3    2      0.00000000000000      0.00000000000000
    2    0    0    4    2      0.00000000000000      0.00000000000000
    2    0    0    5    2      0.00000000000000      0.00000000000000
    2    0    0    6    2      0.00000000000000      0.00000000000000
    2    0    0    1    3      0.00000000000000      0.00000000000000
    2    0    0    2    3      0.00000000000000      0.00000000000000
    2    0    0    3    3      0.00000000000000      0.00000000000000
    2    0    0    4    3      0.00000000000000      0.00000000000000
    2    0    0    5    3      0.00000000000000      0.00000000000000
    2    0    0    6    3      0.00000000000000      0.00000000000000
    2    0    0    1    4     -0.00541973710739      0.00000000000000
    2    0    0    2    4     -0.00861602029600      0.00000017988599
    2    0    0    3    4      0.01459333620492      0.00000160809984
    2    0    0    4    4      0.00000000000000      0.00000000000000
    2    0    0    5    4      0.00000000000000      0.00000000000000
    2    0    0    6    4      0.00000000000000      0.00000000000000
    2    0    0    1    5     -0.00861602029600     -0.00000017988599
    2    0    0    2    5     -0.00176280287533     -0.00000000000000
    2    0    0    3    5     -0.01917101117510     -0.00000237689028
    2    0    0    4    5      0.00000000000000      0.00000000000000
    2    0    0    5    5      0.00000000000000      0.00000000000000
    2    0    0    6    5      0.00000000000000      0.00000000000000
    2    0    0    1    6      0.01459333620492     -0.00000160809984
    2    0    0    2    6     -0.01917101117510      0.00000237689028
    2    0    0    3    6      0.00909273319477     -0.00000000000000
    2    0    0    4    6      0.00000000000000      0.00000000000000
    2    0    0    5    6      0.00000000000000      0.00000000000000
    2    0    0    6    6      0.00000000000000      0.00000000000000